1.118627458617332149e+00,9.523786270691334543e-01,8.879325219084713838e-01,7.686588120740019958e-01,9.802321486530345407e-01,7.980529698149950724e-01,7.264510873093150689e-01,1.004039889646218819e+00,9.512446932814021539e-01,4.934699935086007128e-01,9.333631937682571045e-02,9.732301200908792527e-02,6.539279454722492224e-02,1.225355404089580741e-01,8.240368386887376995e-02,9.101178188899708421e-02,1.978919182083754315e-03,1.982304446608241372e-02,1.421187601428107461e-01,1.363960889321649550e-01,4.820253164556964620e-02,8.130103862382331847e-03,5.326543330087633171e-02,1.283806718597858276e-01,6.717796170074651074e-02,6.354355728659526192e-02,1.185944660824407998e-01,9.268162934112304796e-02,1.586869036027263591e-01,1.460600292112950171e-01,6.391559558584870848e-02,7.602567348263553071e-02,2.414719246997739602e-03,5.679316780266148446e-02,-1.980222330412203038e-02,1.745102239532619059e-01,4.060614897760466691e-01,-1.876704803635183272e-01,-1.452007140538785768e-01,-2.294875527426160633e-01,-1.586331710483609159e-01,-1.590654982148653196e-01,-1.524994969165855696e-01,-1.278429892891918274e-01,-2.343379259980525320e-01,-1.442456345342421065e-01,-1.081921129503408269e-01,-1.381924699772801302e-01,-3.167020447906521846e-02,-2.060727036676403556e-01,-2.200928107757221808e-01,-8.700553716325867271e-01,-1.118359996754300756e+00,-9.805094125284000706e-01,-9.182191983122363066e-01,-9.403473060694577113e-01,-9.486637455371629279e-01,-1.001412641999350539e+00,-8.743547549496918370e-01,-8.830594449853942374e-01,-7.198875040571240946e-01,-3.898234826355079785e-01,-7.177367250892567885e-01,-5.384004543979228341e-01,-6.718879746835442202e-01,-7.012189873417723485e-01,-4.190760305095749261e-01,-5.839330249918857074e-01,-2.735808828302498386e-01,-2.270052904901006530e-01,-2.925630639402792554e-01,-1.532683544303797274e-01,-2.101638104511522331e-01,-1.725434599156118742e-01,-3.890851022395325765e-01,-3.810451152223303661e-01,-2.415802336903602188e-01,-3.071305258033106278e-01,-4.701032781564429830e-01,-9.601444011684515667e-01,-3.641112950340797960e-01,-3.511378935410580104e-01,-3.258456507627394139e-01,-2.280337877312561545e-01,-1.888556637455371945e-01,-2.144967218435573364e-01,-2.940410418695229011e-01,-3.196030185004868907e-01,-2.291937358000649405e-01,-1.053212106458942116e-01,-8.953591366439468680e-02,-5.003333333333332550e-02,1.982228497241155241e-01,-4.202617332035053499e-01,-4.133846316131125631e-01,-7.480095748133723521e-02,3.498870496592015877e-02,3.101668776371308001e-01,3.093232716650439612e-02,-3.669284323271666121e-02,2.884480688088282840e-01,1.118627458617332149e+00,-1.480660986692632908e-01,-5.054720707562478932e-01,1.214629503407984590e-01,-1.521450503083414674e-01,3.248173969490426027e-01,-1.226462999026289996e-01,-1.406215839013307267e-01,1.465678188899707524e-01,-9.409732229795519931e-01,-3.577867413177540090e-01,1.955367250892567355e-01,2.119159850697825143e-01,-3.580504543979227683e-01,-2.285967218435573656e-01,1.449693930542031439e-01,6.492786432976306588e-02
9.523786270691334543e-01,1.001308568646543717e+00,8.814827328789354155e-01,7.752468029860433152e-01,9.573919182083736601e-01,6.990035053554040090e-01,6.668430866601749996e-01,8.965186465433300222e-01,8.819827653359296749e-01,5.106136157091853978e-01,8.154318403115873304e-02,1.248669263226225568e-01,5.226984745212594208e-02,9.281681272314186437e-02,5.157116196040247708e-02,9.566953911067833938e-02,1.402919506653685540e-02,2.153218111002921584e-02,1.419621389159364255e-01,1.258092340149301880e-01,2.791807854592665353e-02,-8.671697500811422626e-03,4.323313859136645315e-02,1.379260305095748318e-01,9.632148653034727781e-02,3.637577085361894114e-02,7.832213567023695033e-02,5.446707237909769600e-02,1.082139240506329175e-01,1.027124472573839598e-01,5.433248945147680503e-02,1.302679324894515621e-02,-2.018323596234986722e-02,6.815938007140538712e-02,-9.535978578383631429e-03,1.834437195715676872e-01,4.011822460240183075e-01,-1.317308990587471862e-01,-1.114279130152548147e-01,-1.614664556962025210e-01,-1.003096234988639784e-01,-1.250187763713080380e-01,-1.132289354105809609e-01,-8.783958130477116655e-02,-1.813893216488153270e-01,-7.777771827328792964e-02,-3.651616358325220774e-02,-9.579294060370011077e-02,-1.913456669912365349e-02,-1.700720058422590386e-01,-2.030915774099318338e-01,-8.892285134696528148e-01,-1.085581807854592684e+00,-9.906751703992211500e-01,-9.179078221356701262e-01,-9.319351346965272231e-01,-9.464245050308343066e-01,-1.007437893541057949e+00,-8.739925186627720555e-01,-8.706340149302173037e-01,-6.875974196689385032e-01,-4.136214540733527678e-01,-7.297851509250246060e-01,-5.309238234339499485e-01,-6.524288704965921504e-01,-6.376907172995779360e-01,-4.474458779617009330e-01,-6.217384128529698240e-01,-2.166905712431028697e-01,-2.103557611165206287e-01,-2.428785134696526127e-01,-1.245701720220708381e-01,-1.683845017851347547e-01,-1.479300064913988688e-01,-3.580147192469977369e-01,-3.136656929568321650e-01,-1.964675267770205069e-01,-2.684189224277830910e-01,-4.012138104511522307e-01,-9.023531645569616844e-01,-3.015522557611165499e-01,-2.941138104511522022e-01,-2.887532943849400180e-01,-2.097366439467704957e-01,-1.547401655306718804e-01,-1.434708049334631474e-01,-2.435832684193443287e-01,-2.877315157416423519e-01,-2.030417234664069204e-01,-8.020361895488478665e-02,-1.030550632911392400e-01,-1.007743589743589768e-01,1.744021908471275195e-01,-3.733953748782861126e-01,-3.710486530347288925e-01,-5.831796494644596318e-02,3.733620577734503981e-02,3.044376176566050418e-01,1.158992210321324254e-02,-3.768370658877001622e-03,2.756910580980201364e-01,9.523786270691334543e-01,-1.141150925024342622e-01,-4.674835118468031459e-01,1.593597370983446948e-01,-1.490685167153521784e-01,2.933111814345992774e-01,-8.755326192794546381e-02,-1.168559720869847135e-01,1.498748782862707463e-01,-8.975442875689708666e-01,-3.296299578059071478e-01,1.698248945147679545e-01,1.094719571567671773e-01,-3.256751054852319860e-01,-1.900028562155145206e-01,-3.851931191171682495e-03,4.646931191171697201e-02
8.879325219084713838e-01,8.814827328789354155e-01,8.693483933787734541e-01,6.899858325219084820e-01,8.557223466407010148e-01,6.366988802336903674e-01,6.386065887698799681e-01,8.536521097046411155e-01,8.012404414151252929e-01,4.666115871470303822e-01,5.529683544303794912e-02,9.153510223953263691e-02,3.955147679324894777e-02,8.739498539435247570e-02,4.221660175267771820e-02,7.775394352482961624e-02,1.096131126257709164e-02,7.429730606945779067e-03,1.043951963648166587e-01,9.232228172671211319e-02,9.087422914638090474e-03,-2.168411230120091335e-02,2.846309639727361701e-02,1.040327815644270654e-01,6.361913339824730451e-02,3.573614086335605983e-02,7.547291463810450185e-02,5.170572865952611369e-02,1.090257870821161740e-01,7.684529373580002709e-02,3.236444336254462595e-02,2.527667964946446119e-02,-2.763795845504705626e-02,3.650572865952613627e-02,-3.100319701395650926e-02,1.539015254787406140e-01,3.458958779617007373e-01,-1.243117818889970805e-01,-1.074549010061668780e-01,-1.476427134047387790e-01,-1.128345504706263908e-01,-1.326933787731256198e-01,-1.176851833820188320e-01,-1.003243752028562252e-01,-1.845982473222979869e-01,-8.671671535215838555e-02,-4.597197338526452098e-02,-9.614109055501461609e-02,-7.509363842908149331e-03,-1.606021583901330874e-01,-1.788173807205452881e-01,-7.713077896786758592e-01,-9.536006653683869461e-01,-8.537512009087959708e-01,-7.763028075300226760e-01,-8.188522557611165320e-01,-8.329090879584547524e-01,-8.757019798766634278e-01,-7.690636968516717520e-01,-7.743650600454399235e-01,-6.030526939305419498e-01,-3.564258033106134094e-01,-6.257444336254465167e-01,-4.411504381694256183e-01,-5.955613437195714788e-01,-5.711216975008114316e-01,-3.843073352807528376e-01,-5.735080817916261564e-01,-2.063651736449204910e-01,-1.817539110678350889e-01,-2.421654819863681418e-01,-1.233681110029211381e-01,-1.687842421291789186e-01,-1.492868711457318864e-01,-3.206296819214541349e-01,-2.955783024991885943e-01,-1.875841447581953758e-01,-2.699793898085038335e-01,-3.707959266471924087e-01,-8.562426322622525010e-01,-2.854345180136320104e-01,-2.921779779292436596e-01,-2.750274910743265577e-01,-2.065978740668613645e-01,-1.412940603700096887e-01,-1.472733041220383177e-01,-2.402248782862706489e-01,-2.757837715027589010e-01,-1.859162122687438856e-01,-8.706848425835768401e-02,-1.142005193119117190e-01,-8.300128205128205761e-02,1.783337552742616516e-01,-3.428818727685815637e-01,-3.219530834144758158e-01,-6.788448555663742501e-02,2.620907172995780299e-02,2.683862382343396025e-01,1.994344368711457871e-02,-1.681329113924051599e-02,2.659638429081466748e-01,8.879325219084713838e-01,-1.306036189548847870e-01,-3.900472898409604872e-01,1.184721032132424745e-01,-1.497441739694904406e-01,2.590310613437197262e-01,-9.682646867900031318e-02,-1.163124797143784139e-01,1.340637942226549917e-01,-8.480572379097693902e-01,-2.995911067835119179e-01,1.731226387536513867e-01,1.607961376176566537e-01,-2.646081304771177867e-01,-1.708476630963972620e-01,3.114750081142487331e-02,4.825191496267444008e-02
7.686588120740019958e-01,7.752468029860433152e-01,6.899858325219084820e-01,7.195425511197661717e-01,7.537319052255762042e-01,5.773923401493019636e-01,5.846413177539757644e-01,7.380952937358000732e-01,6.987778318727685400e-01,4.507994969165856625e-01,2.507244401168451028e-02,3.230266147354757256e-02,2.180696202531645644e-02,3.098643297630639115e-02,-2.029243752028561405e-03,5.865027588445310275e-02,-1.680619928594610443e-02,-3.426533592989287891e-02,6.299237260629664270e-02,5.365778967867576577e-02,-3.095507951963648655e-02,-2.874836092177864705e-02,-1.534430379746835361e-02,5.711553067185978078e-02,4.150100616682896038e-02,-1.867431028886724562e-02,2.068073677377474384e-02,1.406473547549497854e-02,1.874592664719246585e-02,8.692648490749762744e-03,-2.209931840311590758e-03,-2.622056150600454369e-02,-7.055477117818891031e-02,1.556345342421291272e-02,-4.041653683868873248e-02,1.278346640701071291e-01,2.810212268743915165e-01,-1.254462025316455953e-01,-1.006681596884128893e-01,-1.685103375527425285e-01,-9.025024342745863182e-02,-1.075671372930866454e-01,-1.285783187276857975e-01,-9.654384939954557820e-02,-1.705732392080492599e-01,-7.967641999350859316e-02,-2.573490749756572951e-02,-1.004407822135670175e-01,-1.921777020447905729e-02,-1.421332521908471591e-01,-1.664614248620576997e-01,-6.460220707562480680e-01,-8.024478253813696060e-01,-7.049858812074000225e-01,-6.727936384290813532e-01,-6.551283998701719069e-01,-6.857492534891268532e-01,-7.546047549496913698e-01,-6.386268419344369729e-01,-6.333627555988315949e-01,-4.539572054527749589e-01,-2.429577247646868554e-01,-4.910493995456019500e-01,-3.716723953261927282e-01,-4.539020123336580115e-01,-4.442612625770854251e-01,-3.208301850048686510e-01,-4.805587958455047048e-01,-2.183555988315482033e-01,-2.111689873417721408e-01,-2.343630963972736236e-01,-1.243359298928919249e-01,-1.432735150925023571e-01,-1.512309639727360822e-01,-2.976338851022396481e-01,-2.712874553716326798e-01,-1.872437520285621937e-01,-2.465830574488802329e-01,-3.202489289191821076e-01,-7.152064751703992584e-01,-2.620997241155469948e-01,-2.215425186627718035e-01,-2.395437033430703744e-01,-1.898518825056799697e-01,-1.518241966893865147e-01,-1.396856864654333064e-01,-2.335647192469977595e-01,-2.697839337877311894e-01,-1.675273450178512702e-01,-8.819574813372282884e-02,-7.453266796494645297e-02,-9.068076923076923146e-02,1.438516228497241090e-01,-2.855856053229470781e-01,-3.326749756572540684e-01,-3.465433300876338829e-02,1.966950665368387072e-02,2.206618630314832741e-01,2.446176566049984222e-02,-4.467786432976308952e-03,2.589253326841934322e-01,7.686588120740019958e-01,-8.897456994482311199e-02,-2.728386887374228964e-01,1.046639078221356239e-01,-1.260619117169749781e-01,1.919380071405387966e-01,-8.380170399221034683e-02,-1.010317267121064178e-01,1.024399383317104728e-01,-6.947517039922104232e-01,-2.417461700746511011e-01,1.088532456994482367e-01,8.162794547224917763e-02,-2.116429081467055273e-01,-1.086536351833820024e-01,-2.000665368386886009e-02,3.587422914638101895e-02
9.802321486530345407e-01,9.573919182083736601e-01,8.557223466407010148e-01,7.537319052255762042e-01,1.088955728659526168e+00,7.451394677052904925e-01,7.055359785783834603e-01,9.449182083739043891e-01,9.615820188250566725e-01,4.929779941577410729e-01,1.327534566699123675e-01,1.296235313209997131e-01,5.925684842583579803e-02,9.450634534242127738e-02,6.167293086660173562e-02,1.143341934436871155e-01,2.995397598182410540e-02,3.010535540408957461e-02,1.459481661798117114e-01,1.406619928594612379e-01,6.921689386562805690e-02,9.063631937682562617e-03,7.757914638104508598e-02,1.724609380071404907e-01,1.159683706588770097e-01,5.102458617332034790e-02,1.057682246024018308e-01,8.178372281726711823e-02,1.136596234988640208e-01,1.258144109055501225e-01,6.470493346316129324e-02,3.042797792924375327e-02,-1.554149626744565776e-02,5.982859461213892865e-02,-7.689565076273949598e-03,2.096848425835769192e-01,4.476413664394677250e-01,-1.100963810451152380e-01,-9.100910418695225268e-02,-1.769486692632261937e-01,-9.901011035378126657e-02,-1.070145894190197566e-01,-1.273919831223628840e-01,-9.605933138591368770e-02,-2.380588769879908861e-01,-9.774978902953586346e-02,-7.329623498864003273e-02,-1.015911716975008428e-01,-1.593805582603050747e-02,-1.828872281726712512e-01,-2.266490425186627466e-01,-8.443598344693282742e-01,-1.071778740668614338e+00,-9.906212917883800984e-01,-9.035463810451150879e-01,-9.233765498214869805e-01,-9.257153197013957557e-01,-9.723640701071082360e-01,-8.425551768906197614e-01,-9.257826030509576087e-01,-7.520387536514119287e-01,-4.346766471924699560e-01,-7.603929243752028944e-01,-5.389339987017199851e-01,-6.812918695228820098e-01,-6.099555501460565132e-01,-5.012306069457969082e-01,-6.901290814670560936e-01,-1.881530509574813881e-01,-2.241309152872444921e-01,-2.344316293411230767e-01,-1.180561343719571804e-01,-1.723520447906523312e-01,-1.687855241804608608e-01,-3.630465920155793724e-01,-3.452470139565075313e-01,-1.912755436546575705e-01,-2.428670886075949553e-01,-3.783373093151574107e-01,-9.265558584875039916e-01,-2.817696527101589687e-01,-2.865732067510549652e-01,-2.489560856864655169e-01,-1.717288704965920509e-01,-1.327629178838039270e-01,-1.300588445309963648e-01,-2.335665530671860168e-01,-2.749814345991561382e-01,-2.042617981174942865e-01,-5.210665368386889484e-02,-7.226911716975008282e-02,-1.084897435897435314e-01,1.798874878286270129e-01,-3.967614573190522687e-01,-4.145203992210320654e-01,-5.210996429730604257e-02,5.978547549496918134e-02,3.040523693605970412e-01,-8.091674780915285650e-03,5.502169750081139371e-02,3.124648003894840431e-01,9.802321486530345407e-01,-1.158103862382343779e-01,-4.434031970139564183e-01,1.478798604349237378e-01,-1.617666991236611507e-01,2.847718111002922048e-01,-1.243553878610840352e-01,-4.636814345991562697e-02,1.439291139240506112e-01,-9.244694904251868905e-01,-2.931915287244402091e-01,1.523762577085361336e-01,1.302509250243426286e-01,-2.954365628042842640e-01,-2.381229470950989302e-01,-2.150370009737099034e-02,9.811135994806884086e-02
7.980529698149950724e-01,6.990035053554040090e-01,6.366988802336903674e-01,5.773923401493019636e-01,7.451394677052904925e-01,7.966524829600779567e-01,5.948197825381371651e-01,7.387079195066540427e-01,7.109849074975658212e-01,3.726172833495616787e-01,6.290094125283995918e-02,8.463437195715677042e-02,6.601400519311913240e-02,8.136084063615708906e-02,6.099618630314834061e-02,8.233969490425188664e-02,4.268062317429419106e-03,1.756205777345018829e-02,1.208741966893866066e-01,1.248471924699772473e-01,2.776462187601428169e-02,2.458372281726710351e-02,2.608768257059398271e-02,8.077848101265822089e-02,7.622184355728658933e-02,7.136333982473222481e-02,8.941674780915284670e-02,3.240803310613436794e-02,1.076454397922752548e-01,1.123190197987666700e-01,1.982226549821486730e-02,4.546614735475495994e-02,1.335679974034404208e-02,4.763367413177539700e-02,3.767531645569620335e-02,8.110180136319374011e-02,2.718892405063291773e-01,-1.214274423888347665e-01,-9.250267770204480267e-02,-1.456158227848101117e-01,-7.206926322622526915e-02,-8.196484907497564310e-02,-7.149394677052910152e-02,-7.221345342421289781e-02,-1.660880558260305340e-01,-6.378523206751053609e-02,-3.900439792275235684e-02,-9.320765985069782988e-02,-8.486984745212592524e-03,-1.459175105485231994e-01,-1.167778481012657771e-01,-6.847781564427134482e-01,-7.892823596234987971e-01,-7.279109380071404622e-01,-6.743197500811425327e-01,-7.033866926322621671e-01,-7.071390457643623728e-01,-7.036143946770527791e-01,-6.499572541382667712e-01,-6.768296494644595596e-01,-5.359486530347290500e-01,-2.937153034728982592e-01,-5.618290652385592443e-01,-3.885209347614412279e-01,-4.849526614735473751e-01,-4.856859461213889340e-01,-3.399463323596234599e-01,-5.089728821811101422e-01,-1.746174131775397598e-01,-1.629640701071080888e-01,-2.199396949042518035e-01,-1.045678675754625336e-01,-1.060918532943848913e-01,-1.167584875040570958e-01,-2.876281077572216960e-01,-2.358602077247646811e-01,-1.459919019798766870e-01,-2.033974845829276401e-01,-2.907308828302498926e-01,-6.362652223304121613e-01,-2.097372281726711807e-01,-2.109949853943524356e-01,-2.242042031807854885e-01,-1.655234988640052196e-01,-1.073657903278156245e-01,-1.369178351184680287e-01,-1.953984582927621172e-01,-1.925799091204154490e-01,-1.254117656604998299e-01,-4.402473222979551987e-02,-7.603179162609539909e-02,3.191025641025648039e-03,1.256792762090230553e-01,-2.982545764362219409e-01,-4.120382018825057835e-01,-3.279365465757869830e-02,4.753713080168778943e-02,2.405479065238557701e-01,3.080327815644272674e-02,2.193184031158712695e-03,2.496347452125931565e-01,7.980529698149950724e-01,-1.122539597533268457e-01,-3.533225089256735729e-01,1.469838201882505135e-01,-1.117202207075624620e-01,2.269575462512171404e-01,-8.748997078870499045e-02,-9.876363193768254722e-02,6.223028237585198630e-02,-6.096771502758845385e-01,-2.340147030185004695e-01,1.561175267770204544e-01,2.940762901655305517e-01,-2.620119604024666038e-01,-1.887742453748783855e-01,6.597560856864653767e-02,7.637083739045759379e-02
7.264510873093150689e-01,6.668430866601749996e-01,6.386065887698799681e-01,5.846413177539757644e-01,7.055359785783834603e-01,5.948197825381371651e-01,6.871408633560529555e-01,7.595315319701394507e-01,6.528423726062967392e-01,4.020952937358000523e-01,1.093411230120091594e-02,2.697345017851348128e-02,2.426579032781564157e-02,5.535141187925997353e-02,3.804772801038625030e-02,4.634827977929243531e-02,-2.391051606621226802e-02,-2.578635183382020288e-02,7.999341123012006227e-02,5.790934761441089706e-02,-5.411992859461218358e-03,-1.095034079844207399e-02,1.099683544303796563e-02,6.312555988315481093e-02,6.546197663096395281e-02,2.877390457643622806e-02,7.472637130801687566e-02,-6.118727685816289195e-03,5.971536838688735332e-02,4.780835767607920228e-02,2.809363842908136569e-03,1.218403115871480227e-03,-5.526828951639076865e-02,3.336716975008113817e-02,-3.224010061668289989e-02,1.043995456020772039e-01,2.999506004543979198e-01,-1.136136481661798314e-01,-7.051384290814668998e-02,-1.495039435248295967e-01,-8.723618954884777843e-02,-8.742338526452450576e-02,-1.109121876014280972e-01,-9.093646543330084764e-02,-1.677809639727360358e-01,-7.391196040246672538e-02,-5.393829925348910675e-02,-9.828304122038297730e-02,6.164573190522559983e-03,-1.097434923726062495e-01,-1.128647354754949567e-01,-5.120687925998053114e-01,-6.394668776371306151e-01,-5.658394677052903665e-01,-5.059636481661794472e-01,-5.454302336903601445e-01,-5.695142323920803218e-01,-5.932103213242453377e-01,-5.209640051931190285e-01,-5.647258195391104962e-01,-4.598096721843555335e-01,-2.281761927945471780e-01,-4.481141512495941392e-01,-2.850730282375852354e-01,-4.192803635183380839e-01,-4.071132586822459043e-01,-2.616734014930217622e-01,-4.201020934761440229e-01,-1.208118468029859560e-01,-1.435471437844855480e-01,-2.314418695228823153e-01,-9.734157740993183705e-02,-1.189292437520285683e-01,-1.349904901006166724e-01,-2.911824569944823637e-01,-2.241252028562154552e-01,-1.393335280753002503e-01,-1.964606945796818216e-01,-2.498612788055825651e-01,-7.035485394352483102e-01,-1.875824894514767360e-01,-1.683279454722491908e-01,-1.810032132424538032e-01,-1.660422590068159621e-01,-1.036728821811099682e-01,-9.630410580980204582e-02,-1.968758682246023461e-01,-1.942025154170723689e-01,-1.304199935086010065e-01,-6.802515417072380055e-02,-6.490535540408960691e-02,-2.533846153846153887e-02,9.498271665043817036e-02,-2.852270853618955049e-01,-3.082797143784486438e-01,-3.250571243102889224e-02,4.325981824083090233e-02,1.989016715352157905e-01,2.866540084388185736e-02,1.345275884453099244e-02,2.063691171697501214e-01,7.264510873093150689e-01,-1.176689711132748728e-01,-2.306115546900356084e-01,1.009313047711781486e-01,-9.620890944498537711e-02,1.638589419019798321e-01,-1.290020447906523593e-01,-5.065858487504055346e-02,8.088664394677048952e-02,-6.733430704316780702e-01,-2.218502758844530798e-01,6.902312560856863066e-02,3.255878935410581043e-01,-1.604473872119440980e-01,-1.599297468354430318e-01,4.043047711781889986e-02,5.501702369360596950e-02
1.004039889646218819e+00,8.965186465433300222e-01,8.536521097046411155e-01,7.380952937358000732e-01,9.449182083739043891e-01,7.387079195066540427e-01,7.595315319701394507e-01,1.088018338201882207e+00,8.907140538786103567e-01,5.036900681596883089e-01,8.103274910743267501e-02,5.474042518662773638e-02,3.157052904901007373e-02,9.833323596234989916e-02,5.902221681272312725e-02,7.687244401168452645e-02,-4.493395001622835401e-03,-1.030094125283998949e-02,9.882224926971759638e-02,7.472247646867898052e-02,3.148239208049333909e-02,-8.042372606296659468e-03,6.930654008438820457e-02,1.207997403440441431e-01,7.581088932164881111e-02,6.397854592664718731e-02,1.086549010061668152e-01,6.170186627718272920e-02,1.010535378123985917e-01,8.858315481986370199e-02,7.873816942551120635e-02,4.382273612463487289e-02,-4.325519311911715098e-02,1.853904576436221641e-02,-4.083627069133397014e-02,1.337388023369036061e-01,3.678114086335605437e-01,-1.836926484907496770e-01,-1.098501947419669028e-01,-1.820274910743265584e-01,-1.482773450178513641e-01,-1.695391918208374593e-01,-1.688674618630314483e-01,-1.487607919506653831e-01,-2.630895975332684378e-01,-1.384067348263550157e-01,-1.506392242778318569e-01,-1.542059883154819899e-01,-2.227310938007140764e-02,-1.705494320025965904e-01,-2.066120253164557274e-01,-7.048711619604026701e-01,-9.312860597208694191e-01,-8.430742453748780729e-01,-7.557695715676729931e-01,-7.953744401168452161e-01,-8.088332359623495726e-01,-8.776512333657902065e-01,-7.752237909769554847e-01,-7.796815968841284139e-01,-7.021914638104512774e-01,-3.360604836092176972e-01,-5.954868224602403171e-01,-4.161913826679650152e-01,-5.675333171048361214e-01,-6.149467867575464375e-01,-4.055061668289516308e-01,-5.624577247646868061e-01,-1.558994482310938345e-01,-1.604982960077897258e-01,-2.436570593962998077e-01,-1.159771502758844691e-01,-1.853094774423888202e-01,-1.538705939629990416e-01,-3.426730931515741818e-01,-2.881327004219408905e-01,-2.113613924050633808e-01,-2.622096072703667957e-01,-3.316066049983770747e-01,-9.285837877312567157e-01,-2.971083252190847013e-01,-2.811732716650438557e-01,-2.482559234014930505e-01,-1.679183057448880023e-01,-1.147039922103213899e-01,-1.515780103862382489e-01,-2.244376501135995905e-01,-2.675875365141188733e-01,-1.904580817916260715e-01,-9.449331385913666004e-02,-6.653893216488150630e-02,-5.882564102564101505e-02,1.538600778967867677e-01,-3.771376987990909813e-01,-3.878927783187276490e-01,-7.298033106134371728e-02,2.534295683219736639e-02,2.829497078870497617e-01,-3.617640376501133313e-03,-7.655306718597843299e-04,2.427516877637131143e-01,1.004039889646218819e+00,-1.951937844855566595e-01,-3.601233852645245315e-01,5.606402142161638624e-02,-1.475769717624147992e-01,2.507109217786432365e-01,-1.347862869198312163e-01,-4.258362544628365581e-02,1.102436708860759645e-01,-9.184901330736772174e-01,-3.296821648815320693e-01,1.212098993833171101e-01,3.731661311262576830e-01,-2.250388185654008388e-01,-2.166690360272638394e-01,7.401496267445635546e-02,8.978498864005193814e-02
9.512446932814021539e-01,8.819827653359296749e-01,8.012404414151252929e-01,6.987778318727685400e-01,9.615820188250566725e-01,7.109849074975658212e-01,6.528423726062967392e-01,8.907140538786103567e-01,1.050026127880558269e+00,4.859185491723466699e-01,1.580609704641350866e-01,1.464931840311587963e-01,7.519470950989938507e-02,1.512522557611164498e-01,8.669193443687113476e-02,1.356973547549496784e-01,6.606856540084390939e-02,5.380556637455370661e-02,1.820787893541057911e-01,1.693919019798766634e-01,1.093106945796819135e-01,4.836475170399219536e-02,8.093459915611815603e-02,1.692936222005841929e-01,1.120577734501785050e-01,4.123889970788705700e-02,1.189740668614086422e-01,1.030377474845829422e-01,1.580287244401167857e-01,1.692069133398247660e-01,8.301830574488799908e-02,5.672520285621551750e-02,5.060905550146053804e-03,6.992620902304448605e-02,3.800629665692958209e-02,2.471876176566049632e-01,4.454628367413177581e-01,-1.411042843232716282e-01,-1.511660012982798118e-01,-2.574622687439143132e-01,-1.576662934112301184e-01,-1.424080817916260899e-01,-1.794369198312236457e-01,-1.387907984420643503e-01,-2.554412041544952827e-01,-1.568416260954235419e-01,-1.227436546575787074e-01,-1.656349886400519666e-01,-7.839198312236284050e-02,-2.291620902304446483e-01,-2.596066699123661392e-01,-8.282537650113602767e-01,-1.059931710483609457e+00,-8.984806231742942240e-01,-8.602478740668609847e-01,-8.643030347289839543e-01,-8.777445634534242203e-01,-9.254248458292758661e-01,-8.389646543330087081e-01,-9.450673644920483119e-01,-7.272751054852319985e-01,-3.713836254462836162e-01,-7.112074164232391471e-01,-5.520900194741967804e-01,-6.889347776695879944e-01,-6.397116196040247837e-01,-4.641178188899707235e-01,-6.690765985069782040e-01,-2.293439792275235312e-01,-2.174619117169749594e-01,-2.482883803959754221e-01,-1.474695228821810977e-01,-1.745193281402142582e-01,-1.930645731905225038e-01,-3.590716325868224534e-01,-3.470947906523855209e-01,-2.325232554365465609e-01,-2.719603375527426259e-01,-4.594762577085361732e-01,-7.395198149951313082e-01,-3.359449529373579324e-01,-3.032967705290489646e-01,-3.010728172671210956e-01,-1.909579681921453886e-01,-1.856241804608893264e-01,-1.813827166504381472e-01,-2.858183706588769968e-01,-3.270913015254786060e-01,-2.164781564427133431e-01,-5.581686140863358070e-02,-7.608119117169749590e-02,-7.925512820512820023e-02,1.733620415449529661e-01,-3.994114735475495226e-01,-4.026568321973386655e-01,-7.178130477117816710e-02,8.019222654982151310e-02,2.809208698474521815e-01,1.366871145731906288e-02,3.261684518013631406e-02,3.406459428756897223e-01,9.512446932814021539e-01,-9.517369360597208172e-02,-5.596315319701394841e-01,1.369982473222979280e-01,-1.190110516066211627e-01,3.236497565725413583e-01,-1.325063615709185239e-01,-7.972400194741968704e-02,1.582863680623174396e-01,-7.076563615709184907e-01,-3.149668127231417536e-01,1.994945959104186539e-01,1.019822784810126837e-01,-4.153066861408634125e-01,-2.687250243427457552e-01,5.349780915287242339e-02,1.031590879584550619e-01
4.934699935086007128e-01,5.106136157091853978e-01,4.666115871470303822e-01,4.507994969165856625e-01,4.929779941577410729e-01,3.726172833495616787e-01,4.020952937358000523e-01,5.036900681596883089e-01,4.859185491723466699e-01,3.815814670561505917e-01,1.348669263226226142e-02,1.213261927945472225e-02,-9.728497241155395795e-04,3.526786757546252621e-02,-1.795374878286267904e-03,2.815139565076274844e-02,-7.140863356053219792e-03,-4.588881856540082821e-02,4.151790003245698496e-02,-1.676355079519631364e-03,-2.043625446283673514e-02,-3.044706264199936382e-02,-1.818792599805257523e-02,3.437841609866924830e-02,1.432680947744238709e-02,-2.860163907822135462e-02,1.017117818889971478e-02,-2.012771827328789856e-02,-4.454316780266149266e-03,1.310321324245390011e-03,-9.252807530022714999e-03,-2.703425835767607130e-02,-5.475988315481986057e-02,3.915871470301842197e-03,-2.899368711457318837e-02,7.143554040895813695e-02,1.745186952288218241e-01,-9.003169425511195478e-02,-6.827067510548520679e-02,-1.237951314508276141e-01,-7.782513794222656323e-02,-8.463073677377473680e-02,-1.001611327491074427e-01,-8.105749756572537545e-02,-1.271415449529373631e-01,-6.875197987666341326e-02,-5.227478091528724169e-02,-8.970434923726061660e-02,-1.906327491074327057e-02,-9.078179162609537056e-02,-1.128029698149951437e-01,-4.149385751379420784e-01,-4.848317591691009842e-01,-4.057458455047064372e-01,-3.918060532294709297e-01,-3.881037000973711071e-01,-4.089191496267444714e-01,-4.286300876338851040e-01,-4.290279454722493169e-01,-4.216667153521583833e-01,-3.014292112950340274e-01,-1.306044628367413474e-01,-2.947667964946445451e-01,-2.273114086335604744e-01,-3.273305420318077252e-01,-3.183088607594938280e-01,-2.179401817591690160e-01,-3.342927620902303443e-01,-8.860381369685167707e-02,-1.032351184680298933e-01,-1.293039597533268137e-01,-7.450574488802340356e-02,-1.023878123985718924e-01,-9.965241804608893084e-02,-1.848771502758844720e-01,-1.559283187276858662e-01,-1.314376987990912016e-01,-1.638370658876988628e-01,-2.023065725413826788e-01,-4.012025154170723584e-01,-1.687627069133398328e-01,-1.325809315157416568e-01,-1.300636968516715453e-01,-1.143639727361246278e-01,-9.102768581629344657e-02,-7.078317104836090445e-02,-1.479642810775722295e-01,-1.869998701720220757e-01,-1.101990425186627903e-01,-5.881793248945148961e-02,-4.179120415449529002e-02,-7.737692307692307925e-02,7.279237260629664585e-02,-2.036213729308666287e-01,-1.915296656929567076e-01,-3.276950665368387472e-02,1.836165206101914721e-02,1.307510386238234512e-01,9.281239857189229475e-03,2.929667315806555594e-02,1.708531158714703124e-01,4.934699935086007128e-01,-7.157708536189549831e-02,-1.870773937033430312e-01,4.972706913339824258e-02,-8.312760467380722607e-02,1.047118792599805170e-01,-6.948365790327819258e-02,-5.629767932489452426e-02,5.294600778967869376e-02,-3.646657091853294230e-01,-1.591208211619604129e-01,7.070012982797792278e-02,1.693630152547874190e-01,-1.529152547874066681e-01,-8.555881207400196919e-02,-1.069693281402141899e-02,4.184240506329112153e-02
9.333631937682571045e-02,8.154318403115873304e-02,5.529683544303794912e-02,2.507244401168451028e-02,1.327534566699123675e-01,6.290094125283995918e-02,1.093411230120091594e-02,8.103274910743267501e-02,1.580609704641350866e-01,1.348669263226226142e-02,1.716701071080818097e-01,1.531553878610840691e-01,1.108929243752028587e-01,1.520462999026289397e-01,1.070596234988640122e-01,1.308310775722168473e-01,1.505817591691009649e-01,1.295103862382343540e-01,1.535916260954235391e-01,1.740156442713404750e-01,1.613308990587471736e-01,1.137744563453424312e-01,1.395280103862382159e-01,1.659478253813696791e-01,1.572086660175267825e-01,1.258142323920805050e-01,1.296298279779292406e-01,1.319811749432002190e-01,1.337049496916585256e-01,1.674637293086660983e-01,1.386465920155793563e-01,9.937679324894513333e-02,1.270193281402142160e-01,9.899912366114897722e-02,1.171640214216164017e-01,1.515385913664395179e-01,1.616207075624796208e-01,-2.450782213567024789e-02,-9.898425835767608524e-03,-4.760619928594612277e-02,-2.133398247322298991e-02,-1.880082765335930675e-02,-2.902893541058098464e-02,-1.351650438169425469e-02,-4.905086011035378335e-02,-2.680848750405712827e-02,-4.711231742940604622e-02,-2.590832521908472894e-02,-2.688072054527750401e-02,-5.979892891918209968e-02,-8.524670561506006439e-02,-1.223580006491399447e-01,-1.901036027263875439e-01,-1.980623498864005627e-01,-1.929475657254137999e-01,-1.993159039272963395e-01,-1.701962999026289391e-01,-1.828802012333657634e-01,-1.564848263550794594e-01,-2.724455533917558570e-01,-2.299422914638105941e-01,-1.244201720220707158e-01,-1.819787406686141085e-01,-1.624135670236936391e-01,-1.050211781888997359e-01,-1.044984096072703456e-01,-1.117548523206751132e-01,-1.731127718273287597e-01,1.076712106458941991e-02,-4.967299578059072504e-03,2.130097370983445940e-02,4.024699772801039813e-03,-8.131937682570597806e-03,-7.699237260629667422e-03,4.081434599156117185e-03,-4.456056475170398767e-02,-9.963680623174289014e-03,1.784902629016553097e-02,-5.308304122038297324e-02,-2.625829276209025107e-02,-1.479584550470625613e-02,-4.633688737422914788e-02,-3.063534566699123093e-02,2.605438169425511319e-02,1.988803959753326217e-02,-4.907984420642643765e-03,2.985962349886397624e-03,-4.696900357026941378e-03,-2.633915936384291154e-02,2.995022719896137109e-02,2.390134696527101629e-02,5.973076923076921230e-03,4.240347289840961514e-02,-4.386332359623498073e-02,-4.845890944498538327e-02,-3.018591366439469029e-02,4.130030834144758634e-02,4.012095098993833514e-02,-3.926905225576111935e-02,1.525983446932813528e-02,2.559875040571242891e-02,9.333631937682571045e-02,-6.648425835767616913e-03,-1.654014605647517178e-01,1.885717299578059530e-02,1.608661148977604677e-02,9.554451476793249243e-02,-3.577377474845828964e-02,4.408889970788704149e-02,4.962103213242453903e-02,-1.160967218435572483e-02,-4.664790652385590597e-02,7.055181759169100453e-02,-1.691267607919507143e-01,-1.098597208698474798e-01,-8.203747160012983541e-02,3.160175267770194457e-04,9.962901655306720047e-03
9.732301200908792527e-02,1.248669263226225568e-01,9.153510223953263691e-02,3.230266147354757256e-02,1.296235313209997131e-01,8.463437195715677042e-02,2.697345017851348128e-02,5.474042518662773638e-02,1.464931840311587963e-01,1.213261927945472225e-02,1.531553878610840691e-01,2.708518338201882925e-01,1.506663745537163146e-01,2.068914962674457125e-01,1.531847127555987509e-01,1.769908795845505090e-01,1.757029049010062349e-01,1.760771989613761912e-01,2.164982310938006749e-01,2.362967056150600542e-01,1.846528399870172310e-01,1.463229633235962890e-01,1.736874066861408827e-01,2.065815968841284989e-01,2.110924537487828268e-01,1.597259169100940512e-01,1.846028075300227556e-01,1.430971762414800508e-01,2.029670886075949088e-01,2.352570593962998446e-01,1.838950016228497464e-01,1.225317753975981722e-01,1.926203992210320792e-01,1.768792275235313294e-01,1.690041544952937402e-01,1.874400194741967229e-01,2.304356702369360632e-01,7.856215514443346589e-04,1.582992534891266775e-03,-1.665900681596885202e-02,1.805374878286271009e-02,3.283657903278153385e-03,1.180277507302823596e-02,3.388399870172021516e-02,1.386788380395975392e-02,2.900714053878608156e-03,-3.015293735800065114e-02,-2.114349237260629982e-02,-1.075326192794546880e-02,-2.796663420967218303e-02,-4.711174943200256704e-02,-2.417408795845504832e-01,-2.712714378448554675e-01,-2.977328140214215990e-01,-2.922964297306068771e-01,-3.198177702044789905e-01,-3.040953424212917144e-01,-2.755739532619279619e-01,-2.726217624148002949e-01,-3.613581791626094830e-01,-2.885818565400843916e-01,-2.305061668289515309e-01,-3.055730931515741045e-01,-2.590499837715028453e-01,-1.415425998052580459e-01,-1.545642486205777433e-01,-1.132466893865627378e-01,-1.965571080817916094e-01,3.335929892891914550e-02,4.206163583252189170e-02,5.061681272314182134e-02,3.275152547874066178e-02,2.104495293735800243e-02,4.130402466731580152e-02,3.119516390782213489e-02,-4.767770204479004860e-04,2.576788380395975825e-02,3.121780266147355931e-02,-3.301059720869847780e-02,2.379023044466081413e-02,1.315370009737099229e-02,-3.683367413177539296e-02,-5.304850697825379963e-02,5.516682895163904123e-03,2.840006491398897395e-02,2.632469977280104192e-02,5.136103537812398978e-02,4.092565725413826322e-02,1.325701071080817237e-02,2.670785459266470860e-02,-1.534665692956833222e-02,3.611153846153847269e-02,1.983526452450502450e-02,-4.481372930866601989e-02,-6.034152872444012439e-02,-3.420275884453097964e-02,6.478062317429404693e-02,7.001807854592666247e-02,-2.986324245374879019e-02,3.787570593962998056e-02,3.645261278805590494e-03,9.732301200908792527e-02,4.659453099642972551e-02,-2.719906037000974219e-01,1.089976144109055661e-01,5.865985069782535949e-02,1.422918695228821417e-01,-3.453529698149950672e-02,3.328602726387535488e-02,1.068626419993508464e-01,5.288393378773122849e-02,-7.887487828627071096e-02,1.073384777669588175e-01,-1.947916423239208494e-01,-1.983474196689386237e-01,-1.279753002271989959e-01,1.958580006491399475e-02,1.655225576111653621e-02
6.539279454722492224e-02,5.226984745212594208e-02,3.955147679324894777e-02,2.180696202531645644e-02,5.925684842583579803e-02,6.601400519311913240e-02,2.426579032781564157e-02,3.157052904901007373e-02,7.519470950989938507e-02,-9.728497241155395795e-04,1.108929243752028587e-01,1.506663745537163146e-01,1.439573190522558666e-01,1.555009574813372153e-01,1.110402953586497876e-01,1.344760954235637573e-01,1.333250081142486609e-01,1.276024180460889612e-01,1.577074975657253852e-01,1.778522719896137860e-01,1.309562641999350574e-01,1.249873904576436351e-01,1.183072703667640002e-01,1.495918695228821982e-01,1.594585199610516202e-01,1.382575462512171394e-01,1.369847127555988142e-01,1.162442551119766410e-01,1.547519636481661243e-01,1.637271827328789509e-01,1.113708211619604121e-01,9.646937682570595751e-02,1.287489289191821595e-01,1.160891269068484721e-01,1.336316617981174737e-01,1.320575462512171561e-01,1.443555501460564994e-01,-3.648959753326841415e-02,-1.210321324245375307e-02,-4.043052580331062129e-02,2.504576436222003075e-03,-6.087049659201560284e-03,-1.747658227848102735e-02,6.999496916585525377e-03,1.276127880558259068e-03,-1.142534891269073472e-03,-2.456450827653360036e-02,-1.981355079519636284e-02,-1.967489451476793494e-02,-5.256178188899708614e-02,-5.571059720869847576e-02,-1.094325056799741042e-01,-1.386360110353781483e-01,-1.612885102239532409e-01,-1.704831872768581558e-01,-1.730750567997403344e-01,-1.542650600454398002e-01,-1.498382992534891822e-01,-1.210271665043816530e-01,-2.047283998701719954e-01,-1.559950503083414874e-01,-1.076806718597857759e-01,-1.553543654657578432e-01,-1.287738396624473203e-01,-4.273370658876988332e-02,-8.484826355079518045e-02,-4.181329113924050350e-02,-1.155056637455371682e-01,-2.096653683868874088e-02,-7.490473872119435793e-03,-1.768250567997403655e-02,-1.054990262901655575e-02,-7.052531645569619367e-03,4.233917559234013500e-03,-1.670988315481986355e-02,-2.958250567997404087e-02,-1.413669263226224881e-02,4.945326192794545841e-03,-5.659423888347939885e-02,-3.405108730931517141e-02,-1.735595585848749567e-02,-3.928782862706914347e-02,-5.417401817591688262e-02,-1.795845504706263668e-02,5.267461863031486745e-03,-2.528909444985395077e-02,-9.189175592340153437e-03,8.047955209347605957e-03,-1.686796494644596245e-02,2.077572216812730661e-04,6.322362869198313792e-03,3.617564102564101158e-02,4.879513145082765152e-02,-3.139703018500487886e-02,-4.174173969490425212e-02,-2.913571892242779182e-02,2.878250567997403531e-02,2.367723141837065753e-02,-2.165580980201233310e-02,-3.889792275235313956e-02,-1.531317753975981223e-02,6.539279454722492224e-02,4.274991885751373843e-03,-1.382813696851671603e-01,5.329160986692636770e-02,4.673829925348914338e-02,9.292059396299902352e-02,-3.256924699772800746e-02,6.469539110678348276e-03,4.695967218435575380e-02,-9.367964946445966196e-03,-5.822046413502112577e-02,6.545436546575787717e-02,-1.952607594936709434e-01,-1.104815319701395598e-01,-5.055319701395656617e-02,4.323919182083738044e-02,-1.270473872119441856e-02
