1.270627915399102081e-01,6.118567289584241065e-02,7.638709256844848638e-02,4.328034912356946290e-02,4.789330725771399899e-02,1.565388961321165229e-02,2.166079965232507384e-02,2.394343763581050985e-02,3.350292626394319601e-02,1.093227582210634305e-02,5.214224974648704741e-02,2.045614950021730147e-02,4.060792409097493949e-02,2.221828914964509016e-02,2.674574822540922922e-02,-5.004092423583953418e-03,1.682317832826306023e-02,5.458894683470951435e-03,9.708672316384177325e-02,6.629415471534114146e-02,4.128864986237867907e-02,6.537493118933795921e-02,3.027504708097928862e-02,3.902013617267849864e-03,-2.520486020570766872e-02,-1.648295668549906029e-02,-2.091114732724901754e-02,-2.131014776184267379e-02,-9.372461248732436023e-03,7.273047950166590739e-03,1.743098652759668410e-02,2.453512241054613130e-02,-4.345852527886426286e-02,-4.718625959727653502e-02,-6.623138490511369658e-02,-2.855401274808055251e-02,-3.989656671012599062e-03,1.831127046211792828e-02,2.865785165869911416e-02,1.698092858177604331e-02,4.996849196001728124e-03,1.270611328407937959e-02,3.411464580617123293e-02,1.301390699695784310e-02,1.706852093292772835e-02,4.639618281906414399e-02,3.944175720701144361e-02,1.383620165145590074e-02,-1.473010502679993616e-01,-2.758834347385195063e-01,-3.758491090830074488e-01,-3.247472258438361403e-01,-3.289007098363029291e-01,1.392445748225409063e-01,-1.399882804577718964e-01,-4.826329856584096051e-02,-1.837209836303056731e-01,-2.846831812255541938e-01,2.007427929885557960e-02,2.313283355063018229e-02,-4.839106185716346951e-03,-3.378917137476458721e-02,-3.242815442561204631e-02,-4.229225698971461611e-02,5.803486889758079775e-02,2.876286397218600493e-02,6.516867304070694811e-02,2.735435317977690309e-02,1.916334202520642710e-02,-1.570272345357090482e-02,-3.774663189917440648e-04,-2.885046356656527367e-02,2.049571925249891666e-02,2.330652614805158590e-02,4.235817760394030088e-03,4.557858901926694489e-03,1.513994640011588275e-02,4.806352310589602495e-03,-1.446059684195277924e-02
6.118567289584241065e-02,1.458019991308127372e-01,6.459377082427927852e-02,5.800635955381718695e-02,3.670325945241199872e-02,5.308003766478342628e-02,2.599833405765608965e-02,3.244080834419817844e-02,2.393165290453425423e-02,2.324330001448645169e-02,1.544314066347964032e-02,3.470201361726789162e-03,1.964025785890191611e-02,1.527496740547587203e-02,2.964557438794726552e-02,1.868890337534404728e-02,-1.558829494422713131e-03,-8.158843980877877877e-03,1.100130233231928767e-01,7.367382297551790249e-02,4.490637404027236768e-02,2.951266116181370039e-02,3.141764450239020560e-03,-7.136027813994448804e-05,1.750688106620306361e-03,2.493089960886569513e-03,-5.140344777632914475e-03,1.625307837172243301e-03,1.189269882659713118e-02,2.339678400695349714e-02,4.108394900767781827e-02,3.211012603215994410e-02,-5.075100680863390418e-02,-5.575472982761116997e-02,-2.575252788642620055e-02,1.793578154425611720e-02,1.990879327828480247e-02,3.569824713892512033e-03,1.733478197884977950e-02,1.001341445748225520e-02,4.341222656815874048e-02,4.374609590033318174e-02,4.413337679269884600e-02,3.068384760249167134e-02,3.901180646095899623e-02,5.201774590757640010e-02,6.283889613211647573e-02,2.289188758510793745e-02,-1.189896566710126058e-01,-1.502232217876284526e-01,-1.667348688975807125e-01,-1.469548891786179867e-01,-1.409625525133998969e-01,3.462643778067507616e-02,-2.744613935969868884e-02,1.599394466174128629e-02,-9.659200347674921916e-02,-1.573032015065913003e-01,4.779842097638708348e-02,1.415594813849050948e-01,1.017057945820657450e-01,4.189642184557439836e-02,2.221460234680573340e-02,1.558639721860061340e-02,3.440292626394321485e-02,3.515012313486889917e-02,9.255133999710270232e-02,7.098704910908300303e-02,1.983566565261480827e-02,2.241820947414167528e-02,7.648674489352458132e-03,2.069911632623505898e-03,1.192526437780674908e-02,1.272653918586121209e-02,6.695002172968272762e-03,3.114712443864986122e-02,4.520370853252209803e-02,7.849185861219756810e-02,5.861563088512242170e-02
7.638709256844848638e-02,6.459377082427927852e-02,1.169689700130377707e-01,7.140985078951181397e-02,6.680214399536431313e-02,3.821124148920758412e-02,3.240120237577864826e-02,3.871022743734607585e-02,2.766433434738519229e-02,1.739426336375488741e-02,4.938102274373461914e-02,1.553340576560915259e-02,3.520838765754020355e-02,2.296640591047370214e-02,4.705519339417645747e-02,1.780353469506011643e-02,2.145415036940461276e-02,1.736940460669279818e-03,1.047229900043459422e-01,5.582990004345935592e-02,4.503560770679414238e-02,3.991240040562076680e-02,-9.761408083441950895e-04,-7.670027524264811519e-03,-1.879962335216572855e-02,-5.974938432565553639e-03,-2.403954802259886808e-03,-5.193263798348550508e-03,-1.564729827611183177e-02,2.456487034622628282e-02,4.504936983920033999e-02,3.165451253078373217e-02,-5.108326814428511276e-02,-5.453783862088943529e-02,-3.811851368970010923e-02,-1.443511516731855321e-02,-9.971751412429427901e-04,4.697059249601620579e-03,3.182013617267855088e-02,1.680304215558452857e-02,1.468841083586845675e-02,2.949098942488772440e-02,4.609778357235984336e-02,2.369043893959148217e-02,5.594658843980876428e-02,6.984795016659424427e-02,6.904963059539333259e-02,1.010176734753005616e-02,-1.354394755903230718e-01,-1.833079965232507214e-01,-2.354439084456033671e-01,-2.174160365058669386e-01,-1.967209329277126162e-01,6.474483557873385309e-02,-7.282552513399971617e-02,-1.938186295813414508e-03,-1.331830363610024270e-01,-2.017538171809357128e-01,4.079933362306244204e-02,1.380724322758221101e-01,1.103036216137911335e-01,3.894744314066349300e-02,3.569716065478777123e-02,1.255784441547153248e-02,5.620546139359699350e-02,1.612491670288280707e-02,8.700302766912935970e-02,6.760664928292044185e-02,3.881780385339706624e-02,1.007559032304795182e-02,2.652871215413589445e-02,-2.797117195422275156e-03,1.762262784296683010e-02,2.533368100825728400e-02,1.806087208460089438e-02,4.152400405620744472e-02,5.749975373026219860e-02,6.570495436766624064e-02,7.857291032884253235e-02
4.328034912356946290e-02,5.800635955381718695e-02,7.140985078951181397e-02,9.941698536868030789e-02,5.305936549326381590e-02,5.503268144285098501e-02,1.668629581341445761e-02,4.196211067651747090e-02,2.266550775025351003e-02,2.807315659858028358e-03,4.348420252064323643e-02,3.008596262494567242e-02,3.220336085759815947e-02,3.172138925105026652e-02,3.968471678980155237e-02,3.575540344777634882e-02,8.927538751267564271e-03,7.326836158192091136e-03,7.002735767057800820e-02,4.353383311603650774e-02,4.760700420107194519e-02,4.436492104881934601e-02,1.327942199043894746e-02,1.236552223670866861e-02,1.517033898305084408e-02,2.618709256844848222e-03,-2.536208894683468235e-03,1.087785745328117594e-02,5.964696508764302622e-03,1.734872519194553125e-02,3.248648413733160045e-02,1.848256555120961556e-02,-5.044263363754890317e-02,-2.830183253657831896e-02,-1.403691873098651677e-02,-4.154766043749097935e-03,-1.482438070404171714e-02,-2.142204838476024359e-02,-1.124213385484571295e-02,-1.190965522236708471e-02,4.942133854845716379e-03,1.520266550775027517e-03,1.002535129653766384e-03,3.958916413153698577e-03,-3.580805446907133534e-03,6.498283355063020315e-03,3.395864117050564294e-03,1.376723163841808359e-02,-4.280048529624800452e-02,-3.849035926408809344e-02,-4.127874837027377397e-02,-2.691639866724616914e-02,-1.056798493408664212e-02,-4.831870201361727034e-03,-1.102109227871940662e-02,3.192725626539186928e-02,-4.325416485585999692e-03,-7.199074315514993050e-02,4.453196436332031161e-02,9.474852238157323303e-02,7.826949876865130218e-02,1.557774156163986394e-02,1.943000869187308868e-02,1.526163262349702551e-02,3.918038533970737147e-02,2.150319426336375420e-02,6.611093003042155247e-02,7.407700999565405842e-02,3.657722004925394871e-02,9.595552658264521265e-03,2.531498623786758786e-02,2.528344922497464606e-02,1.865737360567869957e-02,1.459954367666231080e-02,7.662733594089526402e-03,1.844921048819353482e-02,3.082473562219325766e-02,1.556710850354917595e-02,3.483801245835144167e-02
4.789330725771399899e-02,3.670325945241199872e-02,6.680214399536431313e-02,5.305936549326381590e-02,8.832748080544690350e-02,3.954935535274518160e-02,4.898660002897290561e-02,4.148751267564826373e-02,2.931442850934377550e-02,1.083520208604954460e-02,3.546524699406056885e-02,1.655771403737504865e-02,3.360738809213387190e-02,3.870043459365492267e-02,6.636784006953498627e-02,3.956447921193685657e-02,3.503026220483847208e-02,6.382022309140946564e-03,2.447792264232942494e-02,1.706469650876430225e-02,2.764264812400404892e-02,3.924884832681441171e-02,2.338160220194117345e-02,9.156598580327392212e-03,-5.291177748804887226e-04,3.137433000144865692e-03,5.715138345646823478e-03,6.472533681008264470e-03,-2.385735187599594131e-02,1.808219614660292601e-02,2.592199043893960234e-02,1.565045632333767964e-02,-5.099797189627697236e-02,-5.028280457771984457e-02,-2.795204983340577459e-02,-2.475662755323772713e-03,5.755975662755321957e-03,4.652194697957413340e-03,1.735955381718100885e-03,-6.161813704186545589e-04,1.015891641315369402e-02,2.058738229755179006e-02,2.551736925974214254e-02,-2.460030421555844601e-02,-1.883320295523685864e-02,6.669940605533826276e-03,-9.938273214544405751e-03,6.434376358105172583e-03,-1.052507315659857862e-01,-1.357935100680863483e-01,-1.385988990294075018e-01,-1.099801100970592971e-01,-6.991610893814283190e-02,3.267968998985945617e-02,-2.772782848037086065e-02,6.854341590612776647e-02,-1.247279878313776180e-01,-2.478627263508619560e-01,3.571962914674781803e-02,7.623455019556715784e-02,4.240621468926553117e-02,2.467363465160076624e-02,2.772581486310299673e-02,1.505060118788932415e-02,2.586924525568594715e-02,-3.015491815152832045e-02,2.992885701868752690e-02,2.969917427205562635e-02,4.922816166883963590e-02,-1.195784441547153524e-03,3.116468202230914322e-02,-1.506520353469506524e-02,2.020901057511229060e-02,2.803873678110966119e-02,9.859800086918732789e-03,1.556540634506736395e-02,3.869898594813848958e-02,-2.304671881790528246e-02,-1.027785021005350264e-03
1.565388961321165229e-02,5.308003766478342628e-02,3.821124148920758412e-02,5.503268144285098501e-02,3.954935535274518160e-02,1.019157467767636827e-01,4.640324496595683856e-02,6.622480081124144935e-02,2.979817470664927748e-02,2.909603071128494603e-02,8.141112559756621958e-03,2.197827031725336621e-03,1.650478053020425565e-02,3.634799362595973748e-02,4.965616398667247605e-02,5.126575401999131781e-02,2.786095900333188796e-02,1.904905113718672119e-02,3.699491525423728722e-02,4.017564826886858842e-02,4.460014486455164684e-02,3.890491090830074106e-02,2.834319860930030813e-02,1.964954367666231841e-02,3.174169201796322309e-02,1.617122990004346214e-02,-2.844603795451259350e-03,9.154324206866577829e-03,2.200698247138924146e-02,1.406414602346805869e-02,2.612574243082716949e-02,1.803641894828336353e-02,-4.428058815007967358e-02,-5.039561060408515730e-02,-6.962538026944799577e-03,4.011071997682166823e-02,3.687422859626247884e-02,4.028393452122264878e-03,-1.987844415471533982e-02,1.769078661451543508e-02,3.466904244531364421e-02,3.600450528755612389e-02,2.148786035057221461e-02,-8.933681008257287823e-03,-2.813098652759670262e-02,-1.265816311748513973e-02,-1.239148196436331423e-02,2.230851803563667357e-02,-7.747556135013762557e-02,-9.651736925974210846e-02,-7.770838765754013722e-02,-6.234112704621177364e-02,-3.084295233956251686e-02,1.412245400550484267e-02,-3.506040851803566248e-03,6.109516152397509448e-02,-9.561831087932784468e-02,-1.812102708967115727e-01,4.707811096624656133e-02,6.964412574243084020e-02,5.932383021874546719e-02,9.851064754454580061e-03,2.865697522816166090e-02,2.519201796320440223e-02,2.949342314935534184e-02,-1.530049253947559154e-02,5.131942633637549128e-02,6.736804287990728890e-02,2.039750832971172836e-02,1.371946979574099022e-02,7.391626828914968014e-03,7.865652614805153722e-03,1.986902795885846923e-02,1.569042445313631809e-02,2.002341011154570860e-02,2.080210053599884645e-02,2.693388381862958300e-02,-1.168281906417500092e-02,-1.332406200202810795e-02
2.166079965232507384e-02,2.599833405765608965e-02,3.240120237577864826e-02,1.668629581341445761e-02,4.898660002897290561e-02,4.640324496595683856e-02,9.778244241634066747e-02,5.256385629436475387e-02,2.734214109807331372e-02,4.538884542952340007e-02,-2.605446907141822227e-02,-2.390664928292046687e-02,1.096915833695495147e-02,2.432342459800086731e-02,6.476999855135451289e-02,2.837363465160075773e-02,6.374574822540923780e-02,2.040886571056062596e-02,-4.963986672461245635e-03,3.256098797624220470e-02,1.150608431116905209e-02,2.555070259307547914e-02,1.760152107779226066e-02,1.180476604374910456e-02,9.414312617702447553e-03,2.630447631464580965e-02,3.778219614660294212e-02,2.933118933796900751e-02,8.225742430827177182e-03,4.581379110531651894e-02,4.544613935969867013e-02,3.093301463131972046e-02,-4.655478777343185354e-02,-7.218573084166306220e-02,-1.596505867014342758e-02,4.065194842821961280e-02,5.050392582934955243e-02,2.524893524554540705e-02,-1.345791684774915168e-05,2.310620020281037648e-02,3.584764595103578227e-02,5.022341011154569934e-02,4.372859626249456233e-02,-4.437614080834418467e-02,-1.437322903085616263e-02,1.709475590323047620e-02,8.698783137766182005e-03,2.212458351441402935e-03,-1.041316963638997534e-01,-1.124089960886570649e-01,-8.228903375344044646e-02,-8.332904534260465734e-02,-6.662963928726636786e-02,2.787554686368246340e-02,-1.218673040706956014e-03,4.714635665652615326e-02,-1.510194842821961925e-01,-2.388929161234246423e-01,1.923878024047515067e-02,6.754729827611181958e-02,3.660001448645516797e-02,3.373360857598145524e-02,4.532800231783282174e-02,1.116988265971316681e-02,3.248018252933507904e-02,-3.492666956395769351e-02,4.502445313631754653e-02,4.280395480225989563e-02,2.492184557438794842e-02,-1.035064464725481310e-02,1.071841228451398190e-02,-3.137079530638854641e-02,1.772481529769665345e-02,2.178073301463131356e-02,3.160972041141533323e-02,3.635830798203679853e-02,4.388722294654497785e-02,-3.122455454150368376e-02,-4.549265536723164083e-02
2.394343763581050985e-02,3.244080834419817844e-02,3.871022743734607585e-02,4.196211067651747090e-02,4.148751267564826373e-02,6.622480081124144935e-02,5.256385629436475387e-02,9.471447921193688890e-02,4.321835433869333082e-02,3.848226857887875052e-02,1.838473851948428314e-02,4.330682312038246565e-03,1.530976387078083166e-02,3.645595393307256987e-02,5.358761408083439343e-02,5.928011734028681978e-02,4.575160075329566534e-02,3.676293640446180733e-02,3.228531797769085970e-02,3.598352165725047375e-02,2.582898015355642937e-02,3.905546139359698105e-02,2.335863392727799068e-02,8.389844994929739758e-03,1.922544545849630415e-02,6.699413298565842605e-03,6.860278139939157520e-04,3.663284079385770685e-03,4.215732290308561725e-03,1.470155729393016891e-02,2.408896132116470842e-02,1.556184992032449456e-02,-5.213631754309720756e-02,-5.956920903954800173e-02,-1.609821092278718516e-02,2.419367666232072681e-02,2.177951615239751004e-02,2.423699840648990168e-03,-2.963826597131681562e-02,-4.750231783282633791e-03,4.785274518325362617e-03,1.447525713457916557e-02,1.364419817470665167e-02,-1.306972330870636093e-02,-4.273898305084744553e-02,-1.546138635375923949e-02,-2.752682167173692643e-02,2.190352020860497281e-02,-5.530519339417644398e-02,-6.406997682167170360e-02,-5.308132695929300426e-02,-4.127015790236130549e-02,-2.822701723888166800e-02,1.227867593799797027e-02,-4.781848471678990138e-03,3.351479791395046287e-02,-5.794574098218163022e-02,-1.297089236563813142e-01,4.686122700275242858e-02,6.284769665362886781e-02,5.686531218310879321e-02,1.853067506881066195e-02,2.875528755613501741e-02,2.989716789801535532e-02,3.085036940460669092e-02,-1.830554106910038670e-02,4.468158047225844615e-02,5.603150803998259433e-02,3.786128494857307625e-02,1.218057366362451481e-02,1.870922062871216082e-02,1.226380559177169503e-02,1.845754744314065735e-02,1.768223236274083648e-02,2.204584238736781443e-02,1.647512675648268865e-02,1.281046646385629144e-02,-1.849474866000288403e-02,-2.157860350572213606e-02
3.350292626394319601e-02,2.393165290453425423e-02,2.766433434738519229e-02,2.266550775025351003e-02,2.931442850934377550e-02,2.979817470664927748e-02,2.734214109807331372e-02,4.321835433869333082e-02,5.144119947848760366e-02,2.492561205273069458e-02,4.145969868173254858e-02,9.692148341300887981e-03,1.758599159785600302e-02,2.349253947559033079e-02,3.810763436187165898e-02,3.577786469650875295e-02,2.637779226423294862e-02,2.056573953353614190e-02,4.110463566565260990e-02,3.925746776763724272e-02,3.912884253223234549e-02,4.880246269737795878e-02,2.599161234245979737e-02,1.200688106620309385e-02,1.240754744314066099e-02,1.050725771403737338e-02,5.227162103433287584e-03,8.414240185426625357e-03,1.369013472403302544e-03,1.700634506736201090e-02,2.252164276401562998e-02,2.360861944082282352e-02,-4.104279298855572494e-02,-6.203265246994060789e-02,-4.701174851513837544e-02,-1.271635520788060589e-03,1.299122120817036014e-02,1.327364913805591934e-02,-4.802419238012451373e-03,-9.770795306388527918e-03,-6.206127770534550746e-03,1.515093437635810919e-02,2.166692742285962828e-02,-1.034563233376792346e-02,-1.337958858467331452e-02,-4.961045922062876437e-03,-1.033072577140373149e-02,2.264790670722874322e-02,-7.259435028248589772e-02,-1.144854845719252279e-01,-1.447160509923222094e-01,-1.309763436187165175e-01,-1.141291612342459766e-01,6.556717369259741635e-02,-4.139734897870492314e-02,2.877343184122856373e-03,-9.619988410835866866e-02,-1.558508329711720541e-01,2.245804722584383156e-02,2.941329856584093752e-02,1.676810082572795235e-02,-9.130870635955379636e-03,-1.303346371142986447e-04,-1.606965087643054749e-02,4.061328407938576135e-02,-4.254816746342171899e-03,4.273966391424018768e-02,2.328468781689119887e-02,1.929946400115891900e-02,-1.530612777053455206e-02,-1.325496161089380863e-02,-1.511471823844705645e-02,1.819603071128495300e-02,1.725068810662030994e-02,1.078454295233956250e-02,9.532319281471829386e-03,1.057267854555990309e-02,-1.145397653194262996e-02,-2.970706939012023734e-02
1.093227582210634305e-02,2.324330001448645169e-02,1.739426336375488741e-02,2.807315659858028358e-03,1.083520208604954460e-02,2.909603071128494603e-02,4.538884542952340007e-02,3.848226857887875052e-02,2.492561205273069458e-02,8.527379400260753917e-02,-7.814935535274514233e-03,-1.005738084890627979e-02,7.252904534260458044e-03,1.809340866290020527e-02,2.899374185136897528e-02,2.818460089816021696e-02,3.356566710126032693e-02,3.325884398087787519e-02,8.883557873388386178e-03,5.049711719542225585e-02,3.311071997682164814e-02,3.203434738519485292e-02,9.456526148051563885e-03,1.601495002172968404e-02,1.074161958568738660e-02,2.838126901347240438e-02,2.957367811096624569e-02,2.196699985513543563e-02,1.159448066058235520e-02,3.769637838620889386e-02,5.602459800086920239e-02,4.930782268578878108e-02,-3.629343763581052706e-02,-5.939142401854265868e-02,-2.477311313921483349e-02,1.819498768651311299e-02,3.077667680718528323e-02,2.016778212371431872e-02,1.594983340576560868e-02,2.183872229465450010e-02,2.677837172243951319e-02,3.043339127915399220e-02,2.887517021584817822e-02,8.230682312038247253e-03,-9.535738084890625979e-03,5.780544690714182338e-03,-5.186759379979719552e-03,2.131324062002028230e-02,-9.040179632044038904e-02,-1.043579747935679675e-01,-9.809931913660734082e-02,-8.995451253078376452e-02,-7.388274663189919877e-02,4.221971606547875872e-02,-1.555044183688250072e-02,3.570178183398522997e-02,-1.335438939591482022e-01,-1.981309865275965865e-01,2.342380124583513801e-02,6.485675793133420519e-02,3.474719687092568676e-02,1.584973200057945841e-02,2.142129508909169575e-02,-1.279408952629291531e-02,2.485519339417646342e-02,-3.458089236563813285e-02,4.370848906272636197e-02,3.740354918151526237e-02,1.048997537302622136e-02,-1.348231203824423047e-02,-2.420593944661738467e-02,-3.553657829929015438e-02,1.675422280168043301e-02,2.870850354918152644e-02,3.803747645951034012e-02,3.885373026220483028e-02,2.523902651021295296e-02,-1.442775604809503828e-02,-4.568913515862668695e-02
5.214224974648704741e-02,1.544314066347964032e-02,4.938102274373461914e-02,4.348420252064323643e-02,3.546524699406056885e-02,8.141112559756621958e-03,-2.605446907141822227e-02,1.838473851948428314e-02,4.145969868173254858e-02,-7.814935535274514233e-03,1.301327900912646607e-01,6.482426481240041727e-02,4.233892510502681311e-02,2.671649282920468896e-02,3.215047080979284433e-02,3.638027669129366426e-02,-1.050236129219180720e-02,6.915652614805149062e-03,6.210207880631611610e-02,3.028959148196436191e-02,4.988541938287700123e-02,5.480499058380415567e-02,2.369923946110386384e-02,1.481001014051861256e-02,3.556518904823985968e-03,1.313146458061703863e-03,-1.090135448355787455e-02,-9.369621903520182786e-04,-1.368167463421700661e-02,8.738830943068232396e-03,2.723547732869769158e-02,2.091426191510938754e-02,-4.056149500217295922e-02,-4.012080979284370769e-02,-7.792388092133853417e-02,-7.294178617992178038e-02,-5.188700564971750889e-02,-2.738600608431116315e-02,-7.853954802259883322e-03,-4.627959582790090037e-02,-4.343578878748371314e-02,-3.424332898739678582e-02,-7.109169926119076645e-03,7.066275532377222501e-03,-1.256975228161673168e-03,-1.109780530204258590e-02,-2.427845139794290730e-02,3.005359988410835972e-02,-4.156321164710997246e-02,-1.068895190496885056e-01,-1.959007822685787936e-01,-1.654850499782702655e-01,-1.293561205273069392e-01,8.961906417499639066e-02,-7.337143271041576820e-02,-1.400394755903229885e-02,-3.213641170505576045e-02,-9.648602057076631489e-02,2.384984064899318620e-02,1.396011154570478245e-02,-4.745306388526712889e-03,-2.595312907431551741e-02,-7.373830218745464071e-03,-4.226784731276257701e-02,4.228939591481966492e-02,4.598804867448926664e-03,3.256597856004633806e-02,2.432637983485432930e-03,2.617497464870346957e-02,-3.180801100970590684e-02,-2.782117195422280365e-02,-1.827742285962625710e-02,2.186793423149357291e-02,1.819638562943647758e-02,-1.033904823989569878e-02,-1.087317108503548478e-02,-7.906859336520355441e-03,-1.419285093437635398e-02,-2.190424453136313038e-03
2.045614950021730147e-02,3.470201361726789162e-03,1.553340576560915259e-02,3.008596262494567242e-02,1.655771403737504865e-02,2.197827031725336621e-03,-2.390664928292046687e-02,4.330682312038246565e-03,9.692148341300887981e-03,-1.005738084890627979e-02,6.482426481240041727e-02,7.286773866434884117e-02,3.230635955381718633e-02,2.487785021005360295e-02,1.197204114153273095e-03,1.857385194842822371e-02,-1.615549760973489929e-02,1.430911198029842166e-02,1.904076488483267410e-02,9.458076198754170397e-03,2.425041286397217749e-02,3.239532087498189772e-02,2.150149210488193005e-02,2.244376358105172609e-02,1.212249746487034652e-02,6.910227437346080047e-03,-3.313573808489058900e-03,6.291148775894533397e-03,-2.000869187309865273e-03,3.609995654063453529e-03,1.952503259452412904e-02,1.474644357525713503e-02,-1.799937708242794338e-02,1.074716789801535323e-02,-3.592135303491234694e-02,-4.593013182674199335e-02,-5.567528610748951473e-02,-3.134471968709257733e-02,-8.589164131537013747e-03,-3.265155729393016265e-02,-3.701938287700999586e-02,-4.409284369114875590e-02,-3.019382877009995844e-02,5.318325365782988583e-03,-2.348587570621468376e-02,-2.448179052585832891e-02,-4.257760394031577522e-02,1.424632768361581807e-02,2.298584673330436937e-02,-1.520604085180352755e-02,-4.687275097783571293e-02,-3.620451977401129007e-02,-1.269271331305231107e-02,4.579006229175720810e-02,-2.942529335071707511e-02,9.931334202520527687e-04,4.695345501955668771e-02,5.109488628132706142e-03,1.295612052730697045e-02,-2.453483992467040894e-02,-3.888828045777197734e-02,-3.921408083441981635e-02,-1.610509923221786766e-02,-2.672390265102129320e-02,1.401552947993626314e-02,2.314921048819344566e-03,2.483992467043332365e-04,-5.690308561494997024e-03,1.183460814138780071e-02,-1.891767347530058305e-02,-1.961984644357525273e-02,-5.928958423873677275e-03,6.458481819498771218e-03,1.349760973489792012e-03,-1.306781109662465135e-02,-2.478610748949731588e-02,-2.380586701434159180e-02,-2.612274373460814203e-02,-2.118810662031001338e-02
4.060792409097493949e-02,1.964025785890191611e-02,3.520838765754020355e-02,3.220336085759815947e-02,3.360738809213387190e-02,1.650478053020425565e-02,1.096915833695495147e-02,1.530976387078083166e-02,1.758599159785600302e-02,7.252904534260458044e-03,4.233892510502681311e-02,3.230635955381718633e-02,4.445284658843980802e-02,3.068189193104447002e-02,2.959213385484570080e-02,1.833615819209039391e-02,8.571838331160363048e-03,1.265021005359988002e-02,1.444125742430827503e-02,2.295530928581775848e-02,4.272413443430390922e-02,4.551764450239026427e-02,3.522611907866144559e-02,3.068474576271185486e-02,1.357648848326814192e-02,1.176792698826597400e-02,2.962682891496452083e-03,1.248545559901492394e-02,5.719006229175721372e-03,1.750535998841083046e-02,3.093757786469652354e-02,2.545833695494713333e-02,-2.346940460669274739e-02,-6.568042879907297696e-03,-2.073524554541503889e-02,-1.121918006663769930e-02,-4.696421845574387521e-03,9.406417499637838298e-03,2.686282775604808756e-02,1.158761408083441684e-02,8.852556859336516148e-03,1.992119368390559472e-03,1.329565406345068271e-02,-3.057409821816602265e-03,-5.627654642908868667e-03,6.357887874837027040e-03,-3.993886715920615636e-03,9.592438070404170347e-03,-6.115655512096189461e-02,-1.080607272200492797e-01,-1.360532811820947263e-01,-9.839655222367091336e-02,-7.238235549760974052e-02,6.102288859915978164e-02,-2.983050847457626234e-02,4.769869621903521234e-02,-9.515520788063164259e-02,-1.807422425032593483e-01,1.792285962624946480e-02,-4.816514558887419889e-03,-2.711022743734608012e-02,-2.829517601043025216e-02,-1.044655946689844635e-02,-1.149527741561639713e-02,2.340053599884107938e-02,-7.263595538171806025e-03,1.164548746921627125e-02,1.248935245545418045e-03,1.521292191800666452e-02,-9.164537157757498415e-03,-1.150591047370708511e-02,-3.113475300593946185e-02,6.940228885991596604e-03,1.215804722584383490e-02,3.124569027958852031e-03,-2.508170360712734959e-03,-8.093147906707197576e-04,-3.681833985223815359e-02,-3.122120817036070500e-02
2.221828914964509016e-02,1.527496740547587203e-02,2.296640591047370214e-02,3.172138925105026652e-02,3.870043459365492267e-02,3.634799362595973748e-02,2.432342459800086731e-02,3.645595393307256987e-02,2.349253947559033079e-02,1.809340866290020527e-02,2.671649282920468896e-02,2.487785021005360295e-02,3.068189193104447002e-02,7.766597856004635314e-02,4.730476604374909966e-02,5.002105606258148984e-02,1.992765464290889230e-02,2.604420541793423666e-02,-2.478683905548312999e-02,9.823489787049114602e-03,3.996424018542662354e-02,5.347436621758652753e-02,4.892001303780964955e-02,4.050860495436767184e-02,3.391789801535564225e-02,1.754942054179343264e-02,1.918694770389686808e-03,1.210118064609589338e-02,-8.088367376502982172e-04,9.010596841952770580e-03,2.324424163407214777e-02,2.081220483847602554e-02,-3.304737070838766055e-02,-3.276903520208605813e-02,-3.301723163841808334e-02,1.071295089091700700e-03,5.639576995509201426e-03,8.058597711140086731e-03,5.931674634217004929e-03,1.802398232652470053e-02,1.744182963928725405e-02,8.136288570186870142e-03,5.308894683470956680e-03,-1.066340721425467278e-02,-4.472947993625959323e-02,-1.867982761118355817e-02,-4.378498478922208947e-02,1.621373315949587238e-02,-8.411597131681876338e-02,-1.357041503694046691e-01,-1.302302332319281442e-01,-7.018697667680721952e-02,-2.370640301318269541e-02,4.011919455309284621e-02,-7.720396928871501446e-03,1.012058307982036526e-01,-1.245381645661307046e-01,-2.693743300014486142e-01,3.463480370853253693e-02,2.133610748949731073e-02,-1.384381428364478937e-02,-1.174016369694335857e-02,8.711263218890341956e-03,1.178305809068520491e-02,1.845632333767924151e-03,-5.433790380993770708e-02,2.830805446907145011e-03,1.780153556424742900e-03,4.003105171664493589e-02,4.310633058090682784e-03,3.492387367811096693e-03,-2.330096334926844148e-02,1.009741416775314544e-02,1.284009126466754275e-02,-1.412646675358520830e-04,1.178704910908295444e-03,-9.220411415326682522e-04,-8.173906272635084180e-02,-7.005358539765317583e-02
2.674574822540922922e-02,2.964557438794726552e-02,4.705519339417645747e-02,3.968471678980155237e-02,6.636784006953498627e-02,4.965616398667247605e-02,6.476999855135451289e-02,5.358761408083439343e-02,3.810763436187165898e-02,2.899374185136897528e-02,3.215047080979284433e-02,1.197204114153273095e-03,2.959213385484570080e-02,4.730476604374909966e-02,9.871056062581486101e-02,6.190082572794434329e-02,5.621338548457194273e-02,1.685871360278140205e-02,-1.166621758655658064e-02,2.130192669853687298e-02,3.655049978270315247e-02,5.024903665073157666e-02,3.504809503114588581e-02,2.450340431696365617e-02,2.116529045342603957e-02,2.184458930899607285e-02,1.892086049543676568e-02,2.607502535129653173e-02,-1.089394466174126511e-02,2.824745762711864186e-02,3.629449514703751711e-02,2.183359408952629394e-02,-6.239713168187746573e-02,-7.778541213964941525e-02,-3.344622627842964296e-02,2.324467622772707562e-02,3.880719976821671996e-02,1.251676082862524311e-02,-8.996914385049976232e-03,2.624453136317544608e-03,2.064563233376792012e-02,3.361208170360712594e-02,3.214521222656815252e-02,-4.339760973489786844e-02,-3.743130522961031492e-02,-1.103121831087934025e-02,-3.192309140953208252e-02,1.571451542807474760e-02,-1.360993191366072774e-01,-1.702014196726061857e-01,-1.637712878458640609e-01,-1.208406489931913436e-01,-7.664070693901200992e-02,4.108387657540198828e-02,-9.123105895987247346e-03,9.530185426626103240e-02,-1.866493263798348901e-01,-3.440482978415182469e-01,4.140572214978995025e-02,8.234428509343759417e-02,3.596106040851802799e-02,3.007467767637259093e-02,4.959558163117485513e-02,2.541353034912356007e-02,2.345825003621613419e-02,-6.302075909025060818e-02,2.569646530493988404e-02,2.791906417499637888e-02,6.085516442126612940e-02,-3.371461683326090666e-03,2.815564247428654562e-02,-2.135777198319572384e-02,2.659220628712153159e-02,3.114606692742285729e-02,1.731768796175576358e-02,2.767754599449515421e-02,3.609600173837460707e-02,-8.319226423294220907e-02,-6.011929595827900791e-02
-5.004092423583953418e-03,1.868890337534404728e-02,1.780353469506011643e-02,3.575540344777634882e-02,3.956447921193685657e-02,5.126575401999131781e-02,2.837363465160075773e-02,5.928011734028681978e-02,3.577786469650875295e-02,2.818460089816021696e-02,3.638027669129366426e-02,1.857385194842822371e-02,1.833615819209039391e-02,5.002105606258148984e-02,6.190082572794434329e-02,9.316970157902368377e-02,2.103205852527887179e-02,2.646064754454585666e-02,-2.161862233811386036e-02,1.836426191510936393e-03,3.779476314645805607e-02,4.668798348544110632e-02,2.946332753875125984e-02,2.787908155874258692e-02,3.867471389251046776e-02,2.248140663479646431e-02,1.362212806026365589e-02,2.255925684485007854e-02,-1.650108648413731952e-03,1.938052296103143918e-02,3.407065044183689440e-02,2.038892510502678806e-02,-5.477609734897869592e-02,-7.142957409821816539e-02,-3.763151528321019568e-02,1.071460959003332422e-02,8.772533681008259226e-03,-8.281978849775457202e-03,-2.804479936259596587e-02,-1.337385919165579896e-02,2.434542952339561420e-03,5.995552658264527435e-03,6.151412429378529459e-03,1.173765029697231878e-03,-4.928594813849049294e-02,-3.886599304650154019e-02,-5.239057656091554438e-02,3.535771403737503898e-02,-8.519931189337967559e-02,-8.852222946544981153e-02,-6.568323917137475210e-02,-2.209885557004198642e-02,3.559610314356079913e-02,5.298971461683323926e-03,2.514192380124583362e-02,1.123446544980443440e-01,-9.566960017383745185e-02,-2.286053310155005402e-01,6.019569027958859841e-02,8.560023902651021921e-02,5.636567434448790798e-02,4.279823989569751103e-02,4.778526003187019700e-02,3.935961900622915455e-02,-4.117340286831916440e-04,-5.843723743300014567e-02,2.054760973489786965e-02,2.337311313921483502e-02,5.570144140228885238e-02,1.058368825148486153e-02,2.280115167318557540e-02,1.144093147906707388e-02,1.900015210777922237e-02,2.212448935245545090e-02,1.030338258728089387e-02,1.998923656381283720e-02,1.218420252064319510e-02,-6.276502245400548963e-02,-3.911891931044472054e-02
1.682317832826306023e-02,-1.558829494422713131e-03,2.145415036940461276e-02,8.927538751267564271e-03,3.503026220483847208e-02,2.786095900333188796e-02,6.374574822540923780e-02,4.575160075329566534e-02,2.637779226423294862e-02,3.356566710126032693e-02,-1.050236129219180720e-02,-1.615549760973489929e-02,8.571838331160363048e-03,1.992765464290889230e-02,5.621338548457194273e-02,2.103205852527887179e-02,9.865733738954075849e-02,2.621844125742429921e-02,-2.239220628712154312e-02,2.294289439374185002e-02,1.279720411415326969e-02,3.171573229030855146e-02,3.156575401999132252e-02,1.916773866434883650e-02,1.085055772852383700e-02,1.904483557873389021e-02,1.414863102998696262e-02,2.013701289294509908e-02,-1.041257424308264599e-03,2.087787918296392375e-02,1.234582065768506653e-02,1.458583224684919903e-02,-2.721396494277850478e-02,-3.496069824713893964e-02,-2.654469071418213370e-03,2.513071128494858211e-02,4.078687527162103144e-02,2.621696363899753829e-02,4.003288425322323180e-03,2.274773286976677911e-02,6.576198754164855678e-03,1.490509923221788706e-02,1.265685933652036313e-02,-5.401619585687384567e-02,-4.862016514558886032e-02,-1.694710995219470342e-02,-4.374422714761696390e-02,-3.183543386933217288e-03,-7.685893089960885161e-02,-9.508126901347248305e-02,-1.053605968419527583e-01,-9.819111980298425579e-02,-9.626717369259743529e-02,4.326407359119219947e-02,-2.256879617557579557e-02,2.486620310010140278e-02,-1.483489931913660187e-01,-2.341396349413298050e-01,1.013126177024481142e-02,-4.339490076778215397e-03,-2.282616253802694645e-02,-1.020905403447775958e-02,1.023807040417210393e-02,6.090105751122688958e-04,1.611001014051861163e-02,-4.485015210777922728e-02,-5.514500941619584692e-03,1.172600318702013943e-02,2.883150803998260972e-02,-2.022380124583514002e-02,1.111920903954802253e-02,-2.356333478197884454e-02,1.806562364189482489e-02,1.995258583224685314e-02,2.515433869332173861e-02,8.524844270606990113e-03,1.258561495002173160e-02,-7.275193394176444894e-02,-8.211056062581485737e-02
5.458894683470951435e-03,-8.158843980877877877e-03,1.736940460669279818e-03,7.326836158192091136e-03,6.382022309140946564e-03,1.904905113718672119e-02,2.040886571056062596e-02,3.676293640446180733e-02,2.056573953353614190e-02,3.325884398087787519e-02,6.915652614805149062e-03,1.430911198029842166e-02,1.265021005359988002e-02,2.604420541793423666e-02,1.685871360278140205e-02,2.646064754454585666e-02,2.621844125742429921e-02,6.393386208894684397e-02,-1.673170360712733853e-02,1.089877589453860061e-02,1.827081703607128654e-02,3.804997102708965878e-02,2.916054613935969986e-02,3.278780240475156343e-02,1.693139939156888818e-02,2.335146313197160664e-02,1.472222946544980010e-02,2.452818339852238724e-02,4.661842677096910033e-03,1.505974938432565711e-02,2.531790525858321553e-02,2.072169346660872324e-02,-2.358744024337244491e-02,-2.188326090105752533e-02,-1.222979139504562843e-02,1.113234101115457078e-02,1.637331594958714096e-02,1.345877154860205226e-02,-5.102339562509048895e-03,-6.963566565261497142e-04,4.157040417209902777e-03,3.015529479936258136e-03,2.698609300304222278e-03,-1.251132840793857393e-02,-3.143763581051715883e-02,-2.040248442706069781e-02,-3.348441981747066198e-02,1.022369984064898547e-02,-3.044508909169927821e-02,-5.588382587280894820e-02,-4.272094741416774394e-02,-2.764183688251486623e-02,-1.692481529769662360e-02,3.584800811241487667e-02,-6.391061857163555376e-03,2.721129219180066020e-02,-5.727170070983628181e-02,-9.728558597711144118e-02,1.210480225988701253e-02,-1.067391713747645014e-02,-2.661234970302766428e-02,-2.525857598145733740e-02,-6.244625525133997226e-03,-5.807873388381862116e-03,1.442772707518469831e-02,-2.757103433289872368e-02,1.109344487903810364e-02,8.466565261480513138e-03,3.778784586411703793e-03,-4.079284369114875679e-03,-1.108707083876575399e-02,-2.058033463711429409e-02,8.275727944372009495e-03,6.633224684919599400e-03,7.080015935100680315e-03,-4.424221353034906747e-03,-1.157123714327104244e-02,-5.380742430827175488e-02,-8.190531652904532722e-02
9.708672316384177325e-02,1.100130233231928767e-01,1.047229900043459422e-01,7.002735767057800820e-02,2.447792264232942494e-02,3.699491525423728722e-02,-4.963986672461245635e-03,3.228531797769085970e-02,4.110463566565260990e-02,8.883557873388386178e-03,6.210207880631611610e-02,1.904076488483267410e-02,1.444125742430827503e-02,-2.478683905548312999e-02,-1.166621758655658064e-02,-2.161862233811386036e-02,-2.239220628712154312e-02,-1.673170360712733853e-02,4.848149282920469760e-01,2.139941547153411117e-01,1.051219831957120182e-01,5.794758076198753410e-02,-4.131726061132840605e-02,-5.315354193828768919e-02,-6.488947559032302859e-02,-4.991030711284948768e-02,-5.842054903665072629e-02,-4.367083152252643208e-02,-9.232290308561496434e-03,7.310654787773437392e-03,6.058654208315221446e-02,4.847871215413585011e-02,-1.015457047660437706e-01,-9.584694335796033193e-02,-1.121151455888744070e-01,-6.681298710705491084e-02,-7.526059684195279820e-02,-7.556137911053166512e-02,-5.455069534984790386e-02,-5.964727654642907467e-02,-5.800742430827175722e-02,-9.222091844125744967e-03,2.558900478053020844e-02,5.308484716789800550e-02,8.542322178762860874e-02,9.201669563957698417e-02,1.041708170360712699e-01,4.262081703607129013e-02,-2.983352890047804781e-02,-8.578770824279301210e-02,-1.836568013906997310e-01,-2.587685933652035253e-01,-3.119648124004057999e-01,1.072351731131391678e-01,-1.454284513979430260e-01,-1.964872301897725715e-01,1.003670505577285432e-01,2.102877589453859830e-01,2.502812545270171815e-02,1.952234318412284508e-01,1.802335433869331760e-01,-1.352677821237142225e-02,-1.886576126321887550e-02,-5.679909459655220483e-02,1.612519629146747790e-01,1.843602998696219353e-01,2.115361944082284062e-01,1.752261480515717729e-01,3.647957409821831268e-03,-1.057280892365639394e-02,2.083217441692034131e-03,1.487859626249457209e-02,1.400341156019121666e-02,3.701397942923361720e-03,6.666586991163282044e-03,4.579717514124297117e-02,6.253823699840650729e-02,2.535072070114441911e-01,1.943000869187309909e-01
