,0,1,2,3,4,5,6,7,8,9,10,11,12,13,14,15,16,17,18,19,20,21,22,23,24,25,26,27,28,29,30,31,32,33
0,0.03254730383767378,0.02627569267298656,0.018099643661111133,0.018261035763179702,0.008062676761837112,0.0036844428983716037,0.006754245715885622,0.0028142189015266717,0.010437580550963109,0.006398574812080422,0.003658556804121894,0.002803926444165141,0.0010891874888293205,0.009301127084125236,0.004619757742254056,0.020765860783651776,0.025954305368591158,0.0111806302547879,0.018953274233366443,0.00810988596755434,0.011852152484896867,0.006728734891464622,0.0033216863530519127,0.004092158567262859,0.0027672550687004344,0.003528113385748209,0.003330381410557656,0.013315985670223617,0.003347495961357536,0.005286189458228873,0.006204628959972249,0.02204425666499612,0.004864337977473421,0.23107558897578473
1,0.02627569267298656,0.023733792637974236,0.01632755521743597,0.015210096652323176,0.005822608964794221,0.002596440489361247,0.005762598121924079,0.002039563187000065,0.00970433251766389,0.005861325462044915,0.003371704142862582,0.0021000040066333995,0.0009192538895184086,0.008681274297277589,0.0035482649853572166,0.016256004477500054,0.021988989260291584,0.009310650846832308,0.016045295694619963,0.007870122802120762,0.010707692021333664,0.0068187236763140105,0.0031016481958720987,0.0039874701719221734,0.0020994434553924207,0.0031543094007417563,0.002408698470176771,0.011206716932922325,0.0024094483337461377,0.004650761319905722,0.005345426856999136,0.018658576786519724,0.0035302272200622093,0.19927872854444648
2,0.018099643661111133,0.01632755521743597,0.01595047217820678,0.01084148511014173,0.004789795242680834,0.0036619329882809936,0.003883462368750086,0.0027741566992108575,0.007990451612705859,0.005036611088701059,0.002694241630493442,0.002771047156303174,0.00047790370724889997,0.005660707659518441,0.001548428722908096,0.010621838787342927,0.01574223539830871,0.005916916508954644,0.012282136910327191,0.006777903484095634,0.007962610349004563,0.0060472761589044546,0.00242875851166944,0.003634065936255561,0.0026686570968913657,0.003198287721992584,0.003278855516411466,0.00664449984089962,0.003283382133350642,0.0032940660467930946,0.00336225606993539,0.01368130204150642,0.004686107288525865,0.16478591084225808
3,0.018261035763179702,0.015210096652323176,0.01084148511014173,0.021992701976276847,0.005205126089917516,0.004490225684001753,0.0021087864361333656,0.0033898546056541842,0.003734601683929561,0.0034175959896361133,0.001358722940897913,0.003158198652622442,0.0008123188589817098,0.005624287450610258,0.007833709503331503,0.013295240415850113,0.018044021630271027,0.008135417819630135,0.011351415256961837,0.004677237718956007,0.01053262557425518,0.0025303018950331487,0.002171644527120143,0.0022248086810196734,0.003202475872062617,0.0017684563357622687,0.0039219597714569895,0.010006822932213994,0.00397664436402083,0.0009571289336293275,0.0014108266287348572,0.016057157511844004,0.005637140909795203,0.1451745318988865
4,0.008062676761837112,0.005822608964794221,0.004789795242680834,0.005205126089917516,0.00758826475599336,0.0026747756056599934,4.564019596858654e-05,0.0020578198707855056,0.0017200987605666606,0.0018244613348963588,0.000604398016874222,0.0018967717300730647,0.00018703819230163772,0.0012730739062684268,6.388781300037135e-05,0.0067402473143616075,0.006104718008865792,0.00306449770320874,0.004853262854366739,0.0020188553944864383,0.0020479269967550538,0.0017526172210085443,0.0006093274705867547,0.0016425833380766934,0.001931196815605959,0.0010777403700291644,0.0023451861989862597,0.00227277190706169,0.0024366568981784202,7.72200772200772e-06,0.0,0.004337320830179534,0.003532043122394007,0.06317316889014636
5,0.0036844428983716037,0.002596440489361247,0.0036619329882809936,0.004490225684001753,0.0026747756056599934,0.004506363603234236,0.0,0.003284123015358053,9.493670886075949e-05,2.0872603339616534e-05,0.00046153846153846164,0.0031224974661353657,0.00017522927428624937,0.0,6.388781300037135e-05,0.0038664112173997477,0.0031811065131867513,0.0007050910048596599,0.0024245964195287128,0.0,0.0,0.0,0.0,7.434944237918216e-05,0.0030104752374239567,0.000296905207485084,0.00382889230893797,0.001489042993631685,0.0038110029871142163,7.72200772200772e-06,0.0,0.0030080861652913055,0.004825148310957012,0.04137664593286817
6,0.006754245715885622,0.005762598121924079,0.003883462368750086,0.0021087864361333656,4.564019596858654e-05,0.0,0.008089738584638975,0.0,0.005650877713464405,0.001897539979249419,0.0016739355624918548,0.0,3.8109756097560976e-06,0.0006740235406917047,0.00033170061034860286,0.004833541868265726,0.005596964869214112,0.0032259120305883114,0.004669498514346218,0.0005319447581901104,0.0007903154490778706,0.00010290571212978788,0.0003433003523264969,6.028148440196868e-05,0.00023437499999999996,0.0,0.0,0.003870023592262419,0.0,0.005919205294285372,0.006893510897512319,0.0058037932499412585,0.00011977886977886978,0.03533641013144625
7,0.0028142189015266717,0.002039563187000065,0.0027741566992108575,0.0033898546056541842,0.0020578198707855056,0.003284123015358053,0.0,0.0028601076482834544,0.0,0.0,0.00030769230769230776,0.002419409589147373,0.00014518820317591067,0.0,7.104857204082964e-05,0.0029523531837699775,0.002503283586109349,0.0005461953707339789,0.0018278032974259604,0.0,0.0,0.0,0.0,7.434944237918216e-05,0.0024095440400429676,0.0002676665498200206,0.002950028600271967,0.0013334776409877867,0.0029669665933892675,1.158301158301158e-05,0.0,0.0024767813248511455,0.0037334822482676232,0.03434866069095825
8,0.010437580550963109,0.00970433251766389,0.007990451612705859,0.003734601683929561,0.0017200987605666606,9.493670886075949e-05,0.005650877713464405,0.0,0.010434349744797289,0.0055404132443525175,0.002284326850020728,9.493670886075949e-05,3.075206582755134e-05,0.0038729692976277384,0.0005488045450958731,0.004859339521862485,0.010155236965751158,0.0047402628004091785,0.008459880995003683,0.006182026159085596,0.006113285551583668,0.004804031103042971,0.0017483135132439639,0.003488746712100114,0.0001730617088607595,0.002375637944681005,7.598955193891903e-05,0.0031297518957925986,9.493670886075949e-05,0.004436139444293264,0.0050638620595544435,0.008232624726950768,0.0012798840079384932,0.07439705081919801
9,0.006398574812080422,0.005861325462044915,0.005036611088701059,0.0034175959896361133,0.0018244613348963588,2.0872603339616534e-05,0.001897539979249419,0.0,0.0055404132443525175,0.006337549415223533,0.001109934077489162,1.2614002018240323e-05,9.607122831385402e-05,0.003141578989202413,0.0,0.0013651893489147948,0.006093720479690611,0.0026933307688191237,0.0055417520376877085,0.004936115064812959,0.005163772519406932,0.0043079294046284395,0.001538339255894577,0.003419605278566456,1.216180194588831e-05,0.0022732844833123957,3.357101603802923e-05,0.0008626287252000844,2.0872603339616534e-05,0.0011054837454324185,0.0016494244884127432,0.004775838661122714,0.0011519830770556426,0.055595922005020615
10,0.003658556804121894,0.003371704142862582,0.002694241630493442,0.001358722940897913,0.000604398016874222,0.00046153846153846164,0.0016739355624918548,0.00030769230769230776,0.002284326850020728,0.001109934077489162,0.0017136024587038664,0.00015384615384615388,3.915426781519185e-06,0.0010860541010544805,0.0,0.0017222200688258005,0.0031324931799231823,0.0014302140274157532,0.0027752820691305676,0.0016365733190418165,0.001307060382529373,0.0015230444424595697,0.00034416214936691854,0.0008133973371439614,0.00015384615384615388,0.0005004733650090412,0.0003140415140415141,0.0011938355130603115,0.00030769230769230776,0.0014766591950714988,0.0015351952037817673,0.002192285931362605,0.00046153846153846164,0.016870109264806518
11,0.002803926444165141,0.0021000040066333995,0.002771047156303174,0.003158198652622442,0.0018967717300730647,0.0031224974661353657,0.0,0.002419409589147373,9.493670886075949e-05,1.2614002018240323e-05,0.00015384615384615388,0.002760504273901077,0.00016803603217480773,0.0,1.4321518080916579e-05,0.00298683282338077,0.0026207984329711127,0.00031334632870092617,0.0016877138395019601,0.0,0.0,0.0,0.0,0.0,0.002484952796886476,0.00021205993267796314,0.0030096507565616337,0.0012758451642975004,0.002937094413653895,7.72200772200772e-06,0.0,0.0027311992234145058,0.003590640351030111,0.037198774752257135
12,0.0010891874888293205,0.0009192538895184086,0.00047790370724889997,0.0008123188589817098,0.00018703819230163772,0.00017522927428624937,3.8109756097560976e-06,0.00014518820317591067,3.075206582755134e-05,9.607122831385402e-05,3.915426781519185e-06,0.00016803603217480773,0.0006049558968411088,0.0004272147814096952,8.229509704273963e-05,0.0010214241752991497,0.0009058385663747697,0.0002195281756753558,0.0004944868994906545,2.6573729224194732e-05,0.00022194913683940497,2.4010940910509447e-05,0.0001693041496646207,3.4482145098991124e-05,0.000186566363447809,2.1252021680961567e-05,0.0001915444287459792,0.0006357857512473836,0.00018808917844905662,0.0,0.0,0.000772290838344156,0.00021155075634087266,0.01409989347849415
13,0.009301127084125236,0.008681274297277589,0.005660707659518441,0.005624287450610258,0.0012730739062684268,0.0,0.0006740235406917047,0.0,0.0038729692976277384,0.003141578989202413,0.0010860541010544805,0.0,0.0004272147814096952,0.008121843737461906,0.0,0.0034135565259519837,0.0064531080026436925,0.0035194614696464964,0.005404807305787988,0.004497677825033921,0.004345983683947802,0.004063073546420974,0.0018721251540070294,0.0027360977731591706,7.8125e-05,0.0013590853335170372,6.349206349206348e-06,0.0018673866166523027,8.064516129032258e-06,0.00026103348687127445,0.00041219129133096566,0.0040525448940865825,0.0010640645586297757,0.05760218102637267
14,0.004619757742254056,0.0035482649853572166,0.001548428722908096,0.007833709503331503,6.388781300037135e-05,6.388781300037135e-05,0.00033170061034860286,7.104857204082964e-05,0.0005488045450958731,0.0,0.0,1.4321518080916579e-05,8.229509704273963e-05,0.0,0.0086299379225702,0.0040603686528965675,0.009005959573017433,0.003932070799898932,0.003718462276942488,0.0018966861598440545,0.007583481997225002,5.546311702717693e-06,0.0004444444444444445,7.434944237918216e-05,1.4321518080916579e-05,4.956629491945477e-05,2.1482277121374868e-05,0.004528711546536495,6.388781300037135e-05,5.546311702717693e-06,0.0,0.00745946842143554,7.00303191428775e-05,0.035171217231048206
15,0.020765860783651776,0.016256004477500054,0.010621838787342927,0.013295240415850113,0.0067402473143616075,0.0038664112173997477,0.004833541868265726,0.0029523531837699775,0.004859339521862485,0.0013651893489147948,0.0017222200688258005,0.00298683282338077,0.0010214241752991497,0.0034135565259519837,0.0040603686528965675,0.02085147663560006,0.017385360725708666,0.007052246266369179,0.011088911722626108,0.0020521779846440174,0.004612724669140352,0.0005291020720032685,0.0010354836608887081,0.000294522065993632,0.0028907287534537915,0.0008804646978217169,0.0035226647058354352,0.012938544609724123,0.0035829872036141474,0.0042335786334023896,0.004699612639191369,0.016141754049850198,0.004482321525149783,0.15378529199311947
16,0.025954305368591158,0.021988989260291584,0.01574223539830871,0.018044021630271027,0.006104718008865792,0.0031811065131867513,0.005596964869214112,0.002503283586109349,0.010155236965751158,0.006093720479690611,0.0031324931799231823,0.0026207984329711127,0.0009058385663747697,0.0064531080026436925,0.009005959573017433,0.017385360725708666,0.029502902086419768,0.010796512424813741,0.018195043740465523,0.00944229922173046,0.016077489349640678,0.006739856944671437,0.00313835620899221,0.004307920871088298,0.002620929676907247,0.003136965862364815,0.0030446830316376463,0.014291545367594718,0.0029837710400620215,0.004588256344009037,0.004949965566537876,0.023391854755019825,0.004752006237035668,0.21278889701683962
17,0.0111806302547879,0.009310650846832308,0.005916916508954644,0.008135417819630135,0.00306449770320874,0.0007050910048596599,0.0032259120305883114,0.0005461953707339789,0.0047402628004091785,0.0026933307688191237,0.0014302140274157532,0.00031334632870092617,0.0002195281756753558,0.0035194614696464964,0.003932070799898932,0.007052246266369179,0.010796512424813741,0.008275714771111916,0.0077300934724541335,0.0041232434068952765,0.0067833165002324815,0.002733335261967965,0.0010816363911344468,0.002084453975441804,0.00043410888236520764,0.0009147284457858187,0.0005220992586161736,0.004351139516701959,0.0006159734398018486,0.0021648902797462553,0.0024884436800261447,0.008275538407876724,0.0013746818189371815,0.059012380447274165
18,0.018953274233366443,0.016045295694619963,0.012282136910327191,0.011351415256961837,0.004853262854366739,0.0024245964195287128,0.004669498514346218,0.0018278032974259604,0.008459880995003683,0.0055417520376877085,0.0027752820691305676,0.0016877138395019601,0.0004944868994906545,0.005404807305787988,0.003718462276942488,0.011088911722626108,0.018195043740465523,0.0077300934724541335,0.016262395537848535,0.007769453104466087,0.01036187695540276,0.006219079644826525,0.0024449086266433748,0.0036841113359938646,0.0017081537321110877,0.0028101998631683894,0.002136056617861283,0.008355622582428172,0.0021000457531168302,0.0034501933808139687,0.004172135631178443,0.014655261909673822,0.0032432483493696875,0.1400033756339127
19,0.00810988596755434,0.007870122802120762,0.006777903484095634,0.004677237718956007,0.0020188553944864383,0.0,0.0005319447581901104,0.0,0.006182026159085596,0.004936115064812959,0.0016365733190418165,0.0,2.6573729224194732e-05,0.004497677825033921,0.0018966861598440545,0.0020521779846440174,0.00944229922173046,0.0041232434068952765,0.007769453104466087,0.008622253158952455,0.008622940296677447,0.006479021673099085,0.0020588470733383488,0.004312807111076487,0.0,0.0028177091993888802,1.2698412698412697e-05,0.0018311376732429363,0.0,0.00032265606733691837,0.00032265606733691837,0.006341292117491127,0.0010144927536231882,0.06456058501575895
20,0.011852152484896867,0.010707692021333664,0.007962610349004563,0.01053262557425518,0.0020479269967550538,0.0,0.0007903154490778706,0.0,0.006113285551583668,0.005163772519406932,0.001307060382529373,0.0,0.00022194913683940497,0.004345983683947802,0.007583481997225002,0.004612724669140352,0.016077489349640678,0.0067833165002324815,0.01036187695540276,0.008622940296677447,0.015184806872285881,0.006401155942269446,0.002720018777940606,0.004086626630029475,0.0,0.002853842481698193,1.2698412698412697e-05,0.004702240942047509,0.0,0.0002153223559370547,0.00029856935517312875,0.012441359637308599,0.0010144927536231882,0.10097397177291358
21,0.006728734891464622,0.0068187236763140105,0.0060472761589044546,0.0025303018950331487,0.0017526172210085443,0.0,0.00010290571212978788,0.0,0.004804031103042971,0.0043079294046284395,0.0015230444424595697,0.0,2.4010940910509447e-05,0.004063073546420974,5.546311702717693e-06,0.0005291020720032685,0.006739856944671437,0.002733335261967965,0.006219079644826525,0.006479021673099085,0.006401155942269446,0.006916087071255366,0.001756000295034897,0.003951130820807395,0.0,0.00255476960986637,6.349206349206348e-06,1.6837241322589727e-05,0.0,5.546311702717693e-06,0.0,0.004405297947797315,0.0005217391304347826,0.0625582682787261
22,0.0033216863530519127,0.0031016481958720987,0.00242875851166944,0.002171644527120143,0.0006093274705867547,0.0,0.0003433003523264969,0.0,0.0017483135132439639,0.001538339255894577,0.00034416214936691854,0.0,0.0001693041496646207,0.0018721251540070294,0.0004444444444444445,0.0010354836608887081,0.00313835620899221,0.0010816363911344468,0.0024449086266433748,0.0020588470733383488,0.002720018777940606,0.001756000295034897,0.0024997908356820886,0.0007841457113332069,0.0,0.0009561011798439454,0.0,0.0008091430686493041,0.0,9.433962264150942e-05,0.00018867924528301883,0.0028721988674207046,0.0,0.030757492805072204
23,0.004092158567262859,0.0039874701719221734,0.003634065936255561,0.0022248086810196734,0.0016425833380766934,7.434944237918216e-05,6.028148440196868e-05,7.434944237918216e-05,0.003488746712100114,0.003419605278566456,0.0008133973371439614,0.0,3.4482145098991124e-05,0.0027360977731591706,7.434944237918216e-05,0.000294522065993632,0.004307920871088298,0.002084453975441804,0.0036841113359938646,0.004312807111076487,0.004086626630029475,0.003951130820807395,0.0007841457113332069,0.0038195207344880024,0.0,0.0015883016695682434,1.2698412698412697e-05,7.434944237918216e-05,8.241395850821442e-05,0.0,0.0,0.0025388245827113924,0.0010960885728139645,0.03526679277161569
24,0.0027672550687004344,0.0020994434553924207,0.0026686570968913657,0.003202475872062617,0.001931196815605959,0.0030104752374239567,0.00023437499999999996,0.0024095440400429676,0.0001730617088607595,1.216180194588831e-05,0.00015384615384615388,0.002484952796886476,0.000186566363447809,7.8125e-05,1.4321518080916579e-05,0.0028907287534537915,0.002620929676907247,0.00043410888236520764,0.0017081537321110877,0.0,0.0,0.0,0.0,0.0,0.002681238843892274,0.00024309445484546656,0.002854033170432048,0.0012635228839398853,0.002837277266956471,0.00016783301158301159,0.00015625,0.0026735562606635017,0.0034903247044547913,0.036970835062533916
25,0.003528113385748209,0.0031543094007417563,0.003198287721992584,0.0017684563357622687,0.0010777403700291644,0.000296905207485084,0.0,0.0002676665498200206,0.002375637944681005,0.0022732844833123957,0.0005004733650090412,0.00021205993267796314,2.1252021680961567e-05,0.0013590853335170372,4.956629491945477e-05,0.0008804646978217169,0.003136965862364815,0.0009147284457858187,0.0028101998631683894,0.0028177091993888802,0.002853842481698193,0.00255476960986637,0.0009561011798439454,0.0015883016695682434,0.00024309445484546656,0.003293040836952513,0.0002275924238611733,0.0006410195009604427,0.00028921049878387876,0.0,0.0,0.003167604072273358,0.0003299792495040988,0.045082834549770585
26,0.003330381410557656,0.002408698470176771,0.003278855516411466,0.0039219597714569895,0.0023451861989862597,0.00382889230893797,0.0,0.002950028600271967,7.598955193891903e-05,3.357101603802923e-05,0.0003140415140415141,0.0030096507565616337,0.0001915444287459792,6.349206349206348e-06,2.1482277121374868e-05,0.0035226647058354352,0.0030446830316376463,0.0005220992586161736,0.002136056617861283,1.2698412698412697e-05,1.2698412698412697e-05,6.349206349206348e-06,0.0,1.2698412698412697e-05,0.002854033170432048,0.0002275924238611733,0.0036967708915449844,0.00136220820443639,0.003537501574802495,1.158301158301158e-05,0.0,0.003013749934482041,0.00438694289229087,0.04159461674273801
27,0.013315985670223617,0.011206716932922325,0.00664449984089962,0.010006822932213994,0.00227277190706169,0.001489042993631685,0.003870023592262419,0.0013334776409877867,0.0031297518957925986,0.0008626287252000844,0.0011938355130603115,0.0012758451642975004,0.0006357857512473836,0.0018673866166523027,0.004528711546536495,0.012938544609724123,0.014291545367594718,0.004351139516701959,0.008355622582428172,0.0018311376732429363,0.004702240942047509,1.6837241322589727e-05,0.0008091430686493041,7.434944237918216e-05,0.0012635228839398853,0.0006410195009604427,0.00136220820443639,0.01521390966125889,0.001406070319740629,0.003358225469390179,0.003885544157967316,0.014275310309544532,0.00160611369340114,0.10999112617012388
28,0.003347495961357536,0.0024094483337461377,0.003283382133350642,0.00397664436402083,0.0024366568981784202,0.0038110029871142163,0.0,0.0029669665933892675,9.493670886075949e-05,2.0872603339616534e-05,0.00030769230769230776,0.002937094413653895,0.00018808917844905662,8.064516129032258e-06,6.388781300037135e-05,0.0035829872036141474,0.0029837710400620215,0.0006159734398018486,0.0021000457531168302,0.0,0.0,0.0,0.0,8.241395850821442e-05,0.002837277266956471,0.00028921049878387876,0.003537501574802495,0.001406070319740629,0.003721365819757434,1.158301158301158e-05,0.0,0.0030171678667936424,0.0044153349111296465,0.04178004048306337
29,0.005286189458228873,0.004650761319905722,0.0032940660467930946,0.0009571289336293275,7.72200772200772e-06,7.72200772200772e-06,0.005919205294285372,1.158301158301158e-05,0.004436139444293264,0.0011054837454324185,0.0014766591950714988,7.72200772200772e-06,0.0,0.00026103348687127445,5.546311702717693e-06,0.0042335786334023896,0.004588256344009037,0.0021648902797462553,0.0034501933808139687,0.00032265606733691837,0.0002153223559370547,5.546311702717693e-06,9.433962264150942e-05,0.0,0.00016783301158301159,0.0,1.158301158301158e-05,0.003358225469390179,1.158301158301158e-05,0.00550518604467498,0.0056979553165471914,0.004597172797106425,1.158301158301158e-05,0.024069645031769685
30,0.006204628959972249,0.005345426856999136,0.00336225606993539,0.0014108266287348572,0.0,0.0,0.006893510897512319,0.0,0.0050638620595544435,0.0016494244884127432,0.0015351952037817673,0.0,0.0,0.00041219129133096566,0.0,0.004699612639191369,0.004949965566537876,0.0024884436800261447,0.004172135631178443,0.00032265606733691837,0.00029856935517312875,0.0,0.00018867924528301883,0.0,0.00015625,0.0,0.0,0.003885544157967316,0.0,0.0056979553165471914,0.006617345616893628,0.005261499195329511,5.681818181818182e-05,0.0278788649288188
31,0.02204425666499612,0.018658576786519724,0.01368130204150642,0.016057157511844004,0.004337320830179534,0.0030080861652913055,0.0058037932499412585,0.0024767813248511455,0.008232624726950768,0.004775838661122714,0.002192285931362605,0.0027311992234145058,0.000772290838344156,0.0040525448940865825,0.00745946842143554,0.016141754049850198,0.023391854755019825,0.008275538407876724,0.014655261909673822,0.006341292117491127,0.012441359637308599,0.004405297947797315,0.0028721988674207046,0.0025388245827113924,0.0026735562606635017,0.003167604072273358,0.003013749934482041,0.014275310309544532,0.0030171678667936424,0.004597172797106425,0.005261499195329511,0.024621601554886914,0.0037240979182679356,0.20428179270817137
32,0.004864337977473421,0.0035302272200622093,0.004686107288525865,0.005637140909795203,0.003532043122394007,0.004825148310957012,0.00011977886977886978,0.0037334822482676232,0.0012798840079384932,0.0011519830770556426,0.00046153846153846164,0.003590640351030111,0.00021155075634087266,0.0010640645586297757,7.00303191428775e-05,0.004482321525149783,0.004752006237035668,0.0013746818189371815,0.0032432483493696875,0.0010144927536231882,0.0010144927536231882,0.0005217391304347826,0.0,0.0010960885728139645,0.0034903247044547913,0.0003299792495040988,0.00438694289229087,0.00160611369340114,0.0044153349111296465,1.158301158301158e-05,5.681818181818182e-05,0.0037240979182679356,0.006715553700912529,0.05087143847013855
33,0.23107558897578473,0.19927872854444648,0.16478591084225808,0.1451745318988865,0.06317316889014636,0.04137664593286817,0.03533641013144625,0.03434866069095825,0.07439705081919801,0.055595922005020615,0.016870109264806518,0.037198774752257135,0.01409989347849415,0.05760218102637267,0.035171217231048206,0.15378529199311947,0.21278889701683962,0.059012380447274165,0.1400033756339127,0.06456058501575895,0.10097397177291358,0.0625582682787261,0.030757492805072204,0.03526679277161569,0.036970835062533916,0.045082834549770585,0.04159461674273801,0.10999112617012388,0.04178004048306337,0.024069645031769685,0.0278788649288188,0.20428179270817137,0.05087143847013855,3.320127550653801
