,0,1,2,3,4,5,6,7,8,9,10,11,12,13,14,15,16,17,18,19,20,21,22,23,24,25,26,27,28,29,30,31,32,33,34,35,36,37,38,39,40,41,42,43,44,45,46,47,48,49,50,51,52,53,54,55,56,57,58,59,60,61,62,63
0,0.0,0.0,0.0,0.0,0.0,0.0,0.0,0.0,0.0,0.0,0.0,0.0,0.0,0.0,0.0,0.0,0.0,0.0,0.0,0.0,0.0,0.0,0.0,0.0,0.0,0.0,0.0,0.0,0.0,0.0,0.0,0.0,0.0,0.0,0.0,0.0,0.0,0.0,0.0,0.0,0.0,0.0,0.0,0.0,0.0,0.0,0.0,0.0,0.0,0.0,0.0,0.0,0.0,0.0,0.0,0.0,0.0,0.0,0.0,0.0,0.0,0.0,0.0,0.0
1,0.0,0.004168250116138362,0.01822189295018843,0.02016128082240448,0.01625259908313606,0.009574490682888384,0.002605729859853893,1.1978767904597273e-05,1.93744614933023e-05,0.010130735910990625,0.019434440365096547,0.014661562042114513,0.014742864905329897,0.009883006950986355,0.0021614562187302986,0.0,2.225189141076991e-06,0.006808279291649381,0.011057040472335104,0.007014795421872346,0.012149616896457863,0.006601909418654677,0.0007281159863122447,0.0,0.0,0.002380691600101597,0.0090264243850525,0.014104104206026197,0.014764859536778792,0.005556061576396745,0.000954578912547517,0.0,0.0,0.0008232344509163771,0.005942919960373284,0.013669926589650177,0.012644352895919798,0.006515588891788254,0.0016046039469623135,0.0,0.0,0.0006402947125001534,0.005544113044601388,0.01053203667278412,0.009119719277300757,0.007611381325028716,0.0033498109575142375,4.676174888940846e-06,0.0,0.002577739549047671,0.012943738919207642,0.013536641776602435,0.013579802929640143,0.011904163625598211,0.0056959492036046016,9.316875617559827e-05,0.0,0.003673970665341268,0.01953562348885063,0.019574863739799664,0.01427735046266451,0.008583721576051254,0.0031673745145778818,0.00015033786372186674
2,0.0,0.01822189295018843,0.2329079345525301,0.34265414785635395,0.282492816408094,0.14767395913778913,0.0333027547466254,0.0016609940845321305,0.00016909751734802206,0.08911439757157073,0.33098355398562745,0.2635930404814849,0.25118722979231184,0.20895493365721782,0.03792074435291516,0.0007719505582515297,4.153641894182076e-05,0.08544376984164469,0.23010883735894266,0.1260389128730579,0.19852331950257343,0.1784678081815798,0.028211881551890944,5.9967649871835806e-05,0.0,0.05056659945876758,0.17990937891580658,0.22778779855774367,0.2685040604855071,0.1596388990544804,0.041824746744912406,0.0,0.0,0.031124635381757703,0.12989024216159648,0.20976909790062856,0.2318335980097516,0.1787628403411208,0.05774999832669173,0.0,0.0,0.02074645446310583,0.11477580494420755,0.14976340600699956,0.15483543489507867,0.17707334499342842,0.07898992711445853,0.00019724671331060225,0.0,0.024731094198002665,0.21456802895965402,0.2237876172918722,0.21927971841285415,0.22483036247870664,0.09555674426901314,0.004694312790234048,0.0,0.017105532012270858,0.2423743000162868,0.3455569275658931,0.27304028002363023,0.15858078168027986,0.055655720677684636,0.011883053610809186
3,0.0,0.02016128082240448,0.34265414785635395,0.7465294607739448,0.6626537226124317,0.30244538326254683,0.06780635258651664,0.006337983357663961,0.0003334524633962783,0.1304700378202224,0.6459195913301446,0.6609586205495697,0.55883829860888,0.45898297484746114,0.08981021626990597,0.004175876815651371,0.00018673720431460617,0.15806621897689677,0.5539353764323661,0.3354085945303035,0.39646327107834084,0.4318071507009956,0.08556868857931298,0.0014501998170715913,6.1341850535037e-05,0.13207873830797381,0.47289348488070154,0.4763139249177367,0.5596087702132835,0.39889806630736196,0.12093298864685065,5.465131804176689e-05,0.0,0.1146605803089321,0.3934916576855243,0.49721511000446716,0.5577695739799978,0.46278800635628103,0.16179622598945326,0.0,0.00019631416074713707,0.07200153302956055,0.36241822354478936,0.38901948966050987,0.3879051363614718,0.4314744972413308,0.20349743624937827,0.0016010109281184555,0.0001286771665268816,0.03875827646721598,0.4490244526593343,0.552773428237243,0.494531680446711,0.488714716542593,0.22103656403797123,0.012446591869168256,7.727975270479134e-06,0.018308177313631765,0.3662189774805855,0.7440442353152765,0.6513036588000632,0.3694210502407261,0.11830987115076765,0.023024380976736737
4,0.0,0.01625259908313606,0.282492816408094,0.6626537226124317,0.7486917930779298,0.38089233142182427,0.08410843576215675,0.007350812708078104,0.0003480248226329182,0.11374166926025142,0.5837900259452945,0.6506740985318241,0.57941144543786,0.5038165190436907,0.11234270951874183,0.006218497969390589,0.0001704776571760293,0.1480814862516639,0.5343210136318544,0.3585713328044062,0.38353391639143103,0.4567640547471353,0.10534578027235066,0.0029244940767943557,6.630486638646574e-05,0.14042939711838015,0.4952357458800378,0.48712115525248356,0.5596660299552974,0.4349229376825175,0.13733413711908996,0.00012175316492846222,0.0,0.12749811821352458,0.41955850878153594,0.4988774231307022,0.5742791014999319,0.49848738861665365,0.1675064339356926,0.0,0.0005092212184368988,0.08589689873432979,0.36308057912590375,0.38678847005148753,0.42431376449934644,0.46370236431191847,0.1865890951824897,0.0011223312726829945,0.0004429772160814257,0.037869656624326634,0.3970184553075379,0.5193710403225272,0.5171098287427958,0.4699895765404187,0.1807770979902382,0.0069808833487564744,3.8639876352395674e-05,0.014368798705707047,0.3080616550958719,0.6763207874949796,0.6487546309878194,0.34939499856709794,0.09364168930560925,0.012065881731706286
5,0.0,0.009574490682888384,0.14767395913778913,0.30244538326254683,0.38089233142182427,0.3101479421427229,0.09100476182573869,0.007773792998326563,0.00013769768841843133,0.05727183142706638,0.29511123164576947,0.3022716017553251,0.26742313679483165,0.30880120965898,0.10178287191476414,0.0054025623882170805,3.0347788662110715e-05,0.07731596771692312,0.26087950911378033,0.15406242635882547,0.17494435691804977,0.24651509715438555,0.06359883896478426,0.0012836933192636759,9.398496240601503e-06,0.0704055146164179,0.23989491066383603,0.2522598299333397,0.2937548260836463,0.23138297008486206,0.06453782927612607,1.891835662305062e-05,0.0,0.04562426852790409,0.18269070457313935,0.23978542679635043,0.2884795654513405,0.24911940430996043,0.07191178881648998,0.0,0.00010061131830915023,0.029699548409707975,0.12505138394926,0.16236548951410573,0.2229158989790605,0.22537813117367908,0.06482333105153995,4.302021012362449e-05,0.00013558991342292468,0.017037703642471418,0.15841677271386792,0.23331705857470517,0.2549215724712238,0.21078546542523116,0.0545947699732697,0.000628187547630074,3.3487892838742914e-05,0.009053299193409246,0.1650777571895642,0.32253041596816734,0.2730554740859684,0.13979892992495677,0.02643616858642959,0.0015754430614419365
6,0.0,0.002605729859853893,0.0333027547466254,0.06780635258651664,0.08410843576215675,0.09100476182573869,0.060905034975995316,0.008767290913151217,0.0,0.010469223319624464,0.06625885264278344,0.07680223730775003,0.05918274066622494,0.06987522792127025,0.053231686157190296,0.005533852739947,0.0,0.014619750155659406,0.06590801005482723,0.03653976838831442,0.02924987135923388,0.056019664126629884,0.0272754417707208,0.001154383953396727,0.0,0.015513239165075106,0.060294926590696296,0.057809539819015876,0.06674868044346495,0.061459427343435506,0.019245811396333214,2.450980392156863e-05,0.0,0.007730533560115713,0.042582235516697695,0.05955331605347224,0.07265825314931047,0.06390496418714646,0.015611224434571608,0.0,0.0,0.004386199652813307,0.01945637517376673,0.04066534111698693,0.06392168491138624,0.0471828557522572,0.006844411473432384,0.0,7.727975270479134e-06,0.003276536990861691,0.023669085808084835,0.055509192951662845,0.06259408464666695,0.030155869763112606,0.0033098657425771685,2.2371364653243846e-06,2.575991756826378e-06,0.002670175080419605,0.03842840449432564,0.07418809237777543,0.04550503080011776,0.014948997728422973,0.0016989708810780967,0.0
7,0.0,1.1978767904597273e-05,0.0016609940845321305,0.006337983357663961,0.007350812708078104,0.007773792998326563,0.008767290913151217,0.005084895839138887,0.0,0.0002876047975491868,0.005132535909454273,0.008573424421552608,0.005641446773320845,0.005996591834512412,0.008432259376904259,0.002964706670940456,0.0,0.000354898158385306,0.005811319202363376,0.0036872200854400935,0.001747341923940865,0.00526599993088464,0.006103134648786706,0.0006409000219287725,0.0,0.0006547929636324927,0.005039214777518496,0.003693999232783989,0.004875590230021504,0.007974773242210876,0.003538089783734979,3.4313725490196084e-05,0.0,0.0004353916491241509,0.0037752058345579455,0.005221022965899864,0.007274962080682933,0.00726294490717742,0.001557375493619691,0.0,0.0,0.0002575920748693214,0.0018130673476948848,0.004346119904432908,0.007177345580722177,0.0030212306392176707,0.00017359257771321638,0.0,0.0,1.2086052695189752e-05,0.0009100111537640204,0.00593713404117783,0.005837208275804189,0.0005780451061560909,0.0,0.0,0.0,9.715812484819042e-06,0.002010150145161678,0.007422721948942954,0.0028975955893955243,6.578212463689378e-05,0.0,0.0
8,0.0,1.93744614933023e-05,0.00016909751734802206,0.0003334524633962783,0.0003480248226329182,0.00013769768841843133,0.0,0.0,3.694870028420553e-05,0.0003313095923780968,0.0003279426484895931,0.00021542704885728364,0.00026050337858881273,0.00026179884028765087,2.254283137962128e-06,0.0,6.704661420116109e-06,0.00026407180886596265,0.00014364883689117812,0.00010747419661735045,0.0002839093188390573,0.00016968023671019893,0.0,0.0,0.0,7.726860092156273e-05,0.00020483501450566699,0.00026283549903212893,0.0002963140411127655,5.1595197277189074e-05,0.0,0.0,0.0,1.2001920307249158e-05,0.00010197540116808323,0.0002852678873103674,0.00024067376545548367,6.747615289380538e-05,1.3603505242049444e-05,0.0,0.0,0.0,0.00014052204502583383,0.00021683062821286147,0.00017717932320708698,0.00016131677215431312,5.450297507928756e-05,0.0,0.0,0.0,0.00022629219816859802,0.00018676483369240614,0.00017689899816195352,0.0002488646124531186,0.00011067992963992719,9.383386277672514e-06,0.0,9.438414346389805e-06,0.00018682899932076253,0.00035856657791262633,0.0003743119067255582,0.0002382045169712925,8.197224549585897e-05,4.7192071731949024e-06
9,0.0,0.010130735910990625,0.08911439757157073,0.1304700378202224,0.11374166926025142,0.05727183142706638,0.010469223319624464,0.0002876047975491868,0.0003313095923780968,0.06599414666852127,0.1365828167241324,0.09465259423924716,0.0980974681917798,0.07864216857084116,0.010830315745582917,9.052461692163082e-05,0.00010451699304515022,0.05671432012868109,0.08503237461146348,0.037649311166655756,0.08370546603717487,0.06394942560617098,0.006459900868697638,0.0,1.0962888487368292e-05,0.0217692554607663,0.06412278010450197,0.0860773605086708,0.10695584829521414,0.05185308101279861,0.010559496216673025,0.0,0.0,0.007162466594843151,0.03752576031396609,0.0798772658920252,0.08634683650807595,0.06074063973232885,0.019077538525887713,0.0,0.0,0.004070058956682565,0.03556299429430704,0.05924021959701099,0.05173913813230785,0.06136690101047757,0.03358422591722114,2.1042787000233807e-05,0.0,0.008198144707528061,0.07905262986684362,0.08478594375066614,0.08002561571265987,0.08932309649747937,0.046393133722894095,0.0012230417719298699,0.0,0.00802409461217051,0.09594728567194168,0.13248581228865178,0.1097166097208809,0.0690271850918175,0.025419188805389428,0.0032016176598662744
10,0.0,0.019434440365096547,0.33098355398562745,0.6459195913301446,0.5837900259452945,0.29511123164576947,0.06625885264278344,0.005132535909454273,0.0003279426484895931,0.1365828167241324,0.6516473149545209,0.5700954086336032,0.4873157777953032,0.4327969217034861,0.08581947139172218,0.0031519941548574628,0.00020573528845736045,0.17210053869946249,0.5348516011287048,0.2539405779532396,0.3379283044349703,0.39290805515369887,0.07746663306313831,0.000835747067335135,6.1341850535037e-05,0.12899607853712625,0.4239667915938333,0.41265249220170247,0.49356729276408795,0.35434262651648396,0.10494480128534497,3.617544609460452e-05,0.0,0.09163873431081668,0.3166849980238177,0.40902451053769107,0.4628136508241466,0.4012343523949548,0.1408129517389969,0.0,7.596574830244622e-05,0.05563154906686892,0.2917676161152188,0.3010569905884223,0.30919297689937797,0.38713083831532324,0.17993360161468838,0.0006795774428767969,3.1968182728704546e-05,0.036633398677550805,0.41129001696834794,0.4640201747235022,0.4247303022797029,0.45051167079362914,0.1933026728355551,0.007947239206356151,5.151983513652756e-06,0.01780165110645163,0.3495859682070343,0.6671496219581599,0.5697757556975626,0.32681003432561573,0.10126246825204754,0.017735321283189137
11,0.0,0.014661562042114513,0.2635930404814849,0.6609586205495697,0.6506740985318241,0.3022716017553251,0.07680223730775003,0.008573424421552608,0.00021542704885728364,0.09465259423924716,0.5700954086336032,0.7426232285083414,0.5774689484362321,0.42376542899050534,0.10138665018321764,0.0074015724389653245,0.00017576600749526417,0.1388327994860204,0.5835173226104085,0.423221768873526,0.3642866457230795,0.40575207698262633,0.10181163100548245,0.0032608407015246527,8.353139524090155e-05,0.14697711918965448,0.5302587844008699,0.47314249799570407,0.5199453967542229,0.402264627532376,0.13286049525792107,0.00013688809905227647,0.0,0.1438904389839494,0.45938928320746264,0.5193068903829753,0.5795292753530075,0.480346337280076,0.16344248183743734,0.0,0.0005009937014958154,0.0947901587735327,0.41694609982375724,0.4295465245673225,0.44548373196966706,0.4496062436350244,0.19215200877962,0.0017855969497811912,0.00041727069978198433,0.03663871509488249,0.4221910992323604,0.569833255001131,0.546161788989031,0.47339498895335513,0.21071527620816202,0.013581614686361675,3.8639876352395674e-05,0.014197327278975543,0.28103255830097723,0.6815970710275762,0.664364648877233,0.3671362509430019,0.11768258166291545,0.02221480318436547
12,0.0,0.014742864905329897,0.25118722979231184,0.55883829860888,0.57941144543786,0.26742313679483165,0.05918274066622494,0.005641446773320845,0.00026050337858881273,0.0980974681917798,0.4873157777953032,0.5774689484362321,0.593057704685088,0.4157601358677815,0.08041879448267594,0.004950910240733669,0.0001786579594817315,0.12211583813367614,0.4388840460702955,0.3485497720348699,0.40813598294510084,0.3921223587596737,0.07807224808987144,0.0019735460799326513,6.786925863323253e-05,0.10707398548963402,0.3989889854810831,0.4290952051935557,0.4966627748086119,0.3663100609066823,0.1096209126570175,8.122815751757379e-05,0.0,0.09881999173777008,0.33958078139595366,0.4246273383851927,0.48588161413855224,0.40688253034914945,0.1385413276875091,0.0,0.00038129035408545063,0.07017459437421,0.3125366473272739,0.3487064268428703,0.365751758008471,0.3872625682670661,0.1563674850310766,0.0008973791794478302,0.00038022728704295344,0.03396119326647828,0.35390355034237664,0.4617452858507992,0.4662903909752856,0.4257417145186239,0.16350312888721052,0.008599091293156084,4.121586810922205e-05,0.013345516785366147,0.2682774860635093,0.5629931442416457,0.5635866276123512,0.3202302593339727,0.09388732950352574,0.015753501959846247
13,0.0,0.009883006950986355,0.20895493365721782,0.45898297484746114,0.5038165190436907,0.30880120965898,0.06987522792127025,0.005996591834512412,0.00026179884028765087,0.07864216857084116,0.4327969217034861,0.42376542899050534,0.4157601358677815,0.48807246881421035,0.10629470601340281,0.0037843786009924434,6.954713905586874e-05,0.10430451011615204,0.36122486617464483,0.20836349671352386,0.2909261274111469,0.42907195959628874,0.08534794612637102,0.0007399997215547175,4.699248120300752e-06,0.08452406642378159,0.3044846876085222,0.32454097616741806,0.4140386375406062,0.34590558559093876,0.10097671483858299,1.7156862745098042e-05,0.0,0.06501359801632398,0.2390182547361988,0.3073979734925087,0.3760195882076734,0.34121927965223475,0.11759977215949137,0.0,1.643985062116422e-05,0.04646509219872384,0.21958480546634554,0.2173852974780495,0.27273758745288945,0.32508556805994215,0.11947725809958575,0.00013771106051251817,0.00015157406464882045,0.02506944246823951,0.28407321555451037,0.33863259922944955,0.3415459374850123,0.3396744694426532,0.10724345844005574,0.0025331204471725735,4.121586810922205e-05,0.008564800127464781,0.22699769972754397,0.47637923415976097,0.4245096216142892,0.2369072018524686,0.05326303475328641,0.006088932348509167
14,0.0,0.0021614562187302986,0.03792074435291516,0.08981021626990597,0.11234270951874183,0.10178287191476414,0.053231686157190296,0.008432259376904259,2.254283137962128e-06,0.010830315745582917,0.08581947139172218,0.10138665018321764,0.08041879448267594,0.10629470601340281,0.07715856302317786,0.007014974755807261,2.254283137962128e-06,0.016253261627900827,0.0820085223576604,0.049028919832539174,0.042483346790554787,0.09559416915645122,0.04872450308858648,0.0020225045149052682,0.0,0.017269029421313385,0.07421209326221524,0.0736588446292418,0.09102724558996048,0.09115650741898607,0.030664059114563488,7.497987123059094e-05,0.0,0.013442983221879758,0.05698990674614038,0.07701898222898385,0.0985378148088714,0.0856535395629886,0.022033293339353246,0.0,0.0,0.00913822231219691,0.03712785578699245,0.05110099354124674,0.08425835268056495,0.07051494453327635,0.012038437318597628,0.0,1.545595054095827e-05,0.004728363790453701,0.041995944198297275,0.0734015161442912,0.08638934868509353,0.05430427136279004,0.007239571533066572,3.409114074656204e-05,5.151983513652756e-06,0.0023273874491537994,0.042703439838250555,0.10023185696718276,0.07685684349698078,0.030303656947717278,0.003489264777419429,0.00012246214541145834
15,0.0,0.0,0.0007719505582515297,0.004175876815651371,0.006218497969390589,0.0054025623882170805,0.005533852739947,0.002964706670940456,0.0,9.052461692163082e-05,0.0031519941548574628,0.0074015724389653245,0.004950910240733669,0.0037843786009924434,0.007014974755807261,0.003286172134686195,0.0,0.00023340042922146263,0.004887065983362116,0.003966577668838605,0.0008743836866610353,0.003470610713074982,0.006523024710577255,0.0011167710529346982,0.0,0.001020766826137765,0.005376225046601504,0.0035424844965859727,0.0038382419554367137,0.007052024924606289,0.003933574097058185,4.330886413079447e-05,0.0,0.0011711663744409992,0.004021260755906329,0.004156016135827178,0.005887374553417603,0.006720698280406459,0.0015246968754582216,0.0,0.0,0.0003002536205559551,0.0012526307725909647,0.0023338341271051393,0.005975378119066558,0.0037908800388557684,0.0002482468605471507,0.0,0.0,4.0214728279283097e-05,0.0003902206994359876,0.003428593056551037,0.006210714177130721,0.0012830055143621551,4.8007681228996625e-06,0.0,0.0,7.677451798362761e-06,0.0007944294959550611,0.0053010674424928865,0.004002236072408622,0.0002833915035197563,0.0,0.0
16,0.0,2.225189141076991e-06,4.153641894182076e-05,0.00018673720431460617,0.0001704776571760293,3.0347788662110715e-05,0.0,0.0,6.704661420116109e-06,0.00010451699304515022,0.00020573528845736045,0.00017576600749526417,0.0001786579594817315,6.954713905586874e-05,2.254283137962128e-06,0.0,1.9318403848998463e-05,0.00021048588560998308,0.00014105062596110008,0.00010522595540345304,0.00012381529605837315,4.497827993281162e-05,0.0,0.0,5.7421762848119435e-06,8.770820083965817e-05,0.0001249614319637869,0.0001308109910750298,0.00011773586190834322,1.5779981965734897e-05,0.0,0.0,0.0,0.0,6.151373426603448e-05,0.00014425074181590022,7.625313437973793e-05,3.606853020739405e-05,1.1271415689810638e-05,0.0,0.0,0.0,5.354636884014555e-05,0.00015208928967582963,6.486084612183194e-05,4.4852910784161465e-05,2.2542831379621277e-05,0.0,0.0,0.0,2.8052255689352126e-05,0.00016210699452097704,8.57498321044284e-05,8.058130619004347e-05,4.607857579518496e-05,0.0,0.0,0.0,3.705245008222683e-05,0.00019105876503080056,0.0001899293751715421,0.00010747612618649741,5.9335817556880376e-05,1.6772895001677287e-05
17,0.0,0.006808279291649381,0.08544376984164469,0.15806621897689677,0.1480814862516639,0.07731596771692312,0.014619750155659406,0.000354898158385306,0.00026407180886596265,0.05671432012868109,0.17210053869946249,0.1388327994860204,0.12211583813367614,0.10430451011615204,0.016253261627900827,0.00023340042922146263,0.00021048588560998308,0.09226738749591569,0.15063816390232954,0.053834160849290554,0.08187818470389806,0.09042297105934816,0.015742044614797744,0.00013739315859370935,7.883214712060081e-05,0.05392727610656427,0.12429695650871775,0.09911510994000067,0.11923983514819407,0.079839501853226,0.022820240339170884,7.119985131174756e-06,0.0,0.022822964041508735,0.07074523616383385,0.09537611436235521,0.10241223495220403,0.08864880303131534,0.03330111602543013,0.0,0.0,0.010048539771091249,0.05977578201507953,0.07176247030755857,0.07125634230579601,0.09043637729623967,0.045242904635671335,1.1690437222352115e-05,2.327205026762858e-06,0.007083554027669591,0.09845372417716072,0.11601132527548583,0.10779271837570839,0.11560731965435302,0.05266416402482951,0.0015714061895268682,0.0,0.005794753288154124,0.08930984625533277,0.16527360262739949,0.1482454217934484,0.08819563520886424,0.03075634696212299,0.004779750412004018
18,0.0,0.011057040472335104,0.23010883735894266,0.5539353764323661,0.5343210136318544,0.26087950911378033,0.06590801005482723,0.005811319202363376,0.00014364883689117812,0.08503237461146348,0.5348516011287048,0.5835173226104085,0.4388840460702955,0.36122486617464483,0.0820085223576604,0.004887065983362116,0.00014105062596110008,0.15063816390232954,0.6133561428993475,0.318242166406623,0.2529846021471681,0.3459776450325033,0.08918131283739579,0.002338625630590606,8.353139524090155e-05,0.1557243794698287,0.524199437202247,0.38272755742684306,0.3997328600579838,0.34582216482425004,0.11338799298886748,0.0001124969611924523,0.0,0.13037448668163643,0.37999884074973356,0.3822467409013752,0.42872250931519285,0.4080173752153481,0.14755958415472384,0.0,0.00028415293963535225,0.07665812372944097,0.338896574767154,0.304425861368443,0.32974816623638403,0.39982991836371035,0.17717881696524834,0.0011375853973602708,0.0002144366510735289,0.030616296032382646,0.36952807190452897,0.43787355989192955,0.432404030740007,0.41920257407663214,0.1771156013625007,0.007981100947722305,3.3487892838742914e-05,0.010895042884523273,0.2407669720199221,0.5800128082602377,0.5642271748375739,0.31078601043432896,0.09078440647900683,0.01418403584825457
19,0.0,0.007014795421872346,0.1260389128730579,0.3354085945303035,0.3585713328044062,0.15406242635882547,0.03653976838831442,0.0036872200854400935,0.00010747419661735045,0.037649311166655756,0.2539405779532396,0.423221768873526,0.3485497720348699,0.20836349671352386,0.049028919832539174,0.003966577668838605,0.00010522595540345304,0.053834160849290554,0.318242166406623,0.3735596041466005,0.2486684083258398,0.20660240485373604,0.05498115423674682,0.002202044564135224,7.883214712060081e-05,0.07474357772759707,0.3250528904984829,0.3409815788813366,0.30578102499624005,0.22174197789214786,0.06751405613312655,0.00010974980239483429,0.0,0.085568173590663,0.2767343603392084,0.30701509365496205,0.3367676709139642,0.27244135554753895,0.08388371298218603,0.0,0.0004901382072428713,0.06161313818937818,0.2534381730830877,0.2658161117246919,0.29019187271486013,0.2743312841842154,0.10116446200778141,0.001447984781427584,0.00040073381494110604,0.02259762356867703,0.22448267765858396,0.3090755739966673,0.34312199479651856,0.2768336705585224,0.11558756966673472,0.009660936327824233,2.5759917568263783e-05,0.006780085082688132,0.1320103594679155,0.34566505787935836,0.40339806484760093,0.22702310543164828,0.07074408981158604,0.015066162727405283
20,0.0,0.012149616896457863,0.19852331950257343,0.39646327107834084,0.38353391639143103,0.17494435691804977,0.02924987135923388,0.001747341923940865,0.0002839093188390573,0.08370546603717487,0.3379283044349703,0.3642866457230795,0.40813598294510084,0.2909261274111469,0.042483346790554787,0.0008743836866610353,0.00012381529605837315,0.08187818470389806,0.2529846021471681,0.2486684083258398,0.4058427375415228,0.2801751067927574,0.030943078942480527,0.00031005862282057375,3.315243319323287e-05,0.050698362399893455,0.21303538657238058,0.3355841913909398,0.43407673385227163,0.23419549280626406,0.05072024109167961,1.562331848216784e-05,0.0,0.04199709786766325,0.17748231933878028,0.3039669256264419,0.3590348685002667,0.2550667044524335,0.07577846636688286,0.0,0.00012910506678976474,0.03699723906610353,0.17707879083411346,0.25283733785146423,0.25596348887191084,0.23935121539500628,0.09328860739105801,0.0002495604252612803,0.0001580372604831622,0.024877493904055942,0.2425953087312801,0.31089599381940425,0.31061765298835,0.2880911243758853,0.11861294013289331,0.006790802524098619,1.2879958784131891e-05,0.0105440285547142,0.21345551207228108,0.3884425065933054,0.3852683660928986,0.2382683612578216,0.07657799706363927,0.01508896916673119
21,0.0,0.006601909418654677,0.1784678081815798,0.4318071507009956,0.4567640547471353,0.24651509715438555,0.056019664126629884,0.00526599993088464,0.00016968023671019893,0.06394942560617098,0.39290805515369887,0.40575207698262633,0.3921223587596737,0.42907195959628874,0.09559416915645122,0.003470610713074982,4.497827993281162e-05,0.09042297105934816,0.3459776450325033,0.20660240485373604,0.2801751067927574,0.46622577781397173,0.09447415392305326,0.00119019532990289,0.0,0.08014604854893687,0.2927909192792177,0.29232279984185305,0.3985700635521594,0.38229124626009015,0.11259235158824497,6.271153636479144e-05,0.0,0.07364621409771382,0.23791010778401475,0.2829859579414515,0.35295155322498545,0.3422616141380457,0.1264601858922898,0.0,9.716740444486701e-05,0.052347726887266834,0.2288061477189606,0.2135054293018135,0.2657134413900448,0.3136895147831579,0.11876285966157368,0.00019716063805757188,0.0001532658079855959,0.02314285319753763,0.26473699533956424,0.3180636541908102,0.3281023174973332,0.3273783628497957,0.10612049180584737,0.003313135557699418,3.8639876352395674e-05,0.0054139773018444535,0.19114309133235824,0.44213777419657635,0.41371576309343583,0.2336338470722408,0.055318944439754915,0.007813079327841458
22,0.0,0.0007281159863122447,0.028211881551890944,0.08556868857931298,0.10534578027235066,0.06359883896478426,0.0272754417707208,0.006103134648786706,0.0,0.006459900868697638,0.07746663306313831,0.10181163100548245,0.07807224808987144,0.08534794612637102,0.04872450308858648,0.006523024710577255,0.0,0.015742044614797744,0.08918131283739579,0.05498115423674682,0.030943078942480527,0.09447415392305326,0.06576127776858884,0.0034047426017023465,0.0,0.02455956279183558,0.08832982902546092,0.06060145094090281,0.06502033890962358,0.10364950353395463,0.052536992960964174,0.00012538622987393953,0.0,0.02840944880310303,0.07225095793340383,0.06315003855589069,0.07691933019614015,0.09283680628977516,0.03332101457714918,0.0,0.00015985607351099956,0.018806958402963557,0.055069859610169775,0.04418048816628463,0.07152504492639863,0.0812535094962261,0.018832176136238322,1.873097635214236e-05,0.0001756311745334797,0.005145054914765418,0.04981285931169938,0.06386368158094367,0.08745885056154935,0.0674193044899026,0.010387436810245244,0.00014839348182929323,0.0,0.0007712428363441232,0.03005772021349416,0.09409821309457202,0.09337813674084273,0.036090526652073435,0.004360530360564023,0.0003844860016713108
23,0.0,0.0,5.9967649871835806e-05,0.0014501998170715913,0.0029244940767943557,0.0012836933192636759,0.001154383953396727,0.0006409000219287725,0.0,0.0,0.000835747067335135,0.0032608407015246527,0.0019735460799326513,0.0007399997215547175,0.0020225045149052682,0.0011167710529346982,0.0,0.00013739315859370935,0.002338625630590606,0.002202044564135224,0.00031005862282057375,0.00119019532990289,0.0034047426017023465,0.0008863598266431662,0.0,0.000854142672372733,0.00290679990782451,0.002066834063005074,0.0018967609264684466,0.0031056896898210415,0.0027466228821278246,4.064351107520233e-05,0.0,0.0011248921637302006,0.0029367713204594926,0.0028959997470401197,0.0029491330802438056,0.0034146611989888764,0.00098923504866756,0.0,4.390779363336993e-06,0.0003726920705295115,0.000815166048512167,0.000924349237990144,0.002623642230219561,0.0024454864836604704,0.00014640712106445093,0.0,1.7563117453347972e-05,3.5126234906695945e-05,4.8072461670454656e-05,0.0008890634136855871,0.003194392655011138,0.0010232409360011183,0.0,0.0,0.0,0.0,5.938642641905907e-05,0.0018158451068860473,0.002663802280573102,0.00026999915788572927,0.0,0.0
24,0.0,0.0,0.0,6.1341850535037e-05,6.630486638646574e-05,9.398496240601503e-06,0.0,0.0,0.0,1.0962888487368292e-05,6.1341850535037e-05,8.353139524090155e-05,6.786925863323253e-05,4.699248120300752e-06,0.0,0.0,5.7421762848119435e-06,7.883214712060081e-05,8.353139524090155e-05,7.883214712060081e-05,3.315243319323287e-05,0.0,0.0,0.0,5.220712202556347e-06,6.682633046872133e-05,7.543959489593924e-05,5.4814442436841464e-05,4.0465073104811985e-05,2.1146616541353385e-05,0.0,0.0,0.0,1.1748120300751879e-05,6.056269010165379e-05,8.353139524090155e-05,4.0465073104811985e-05,1.8796992481203007e-05,0.0,0.0,0.0,0.0,2.4796865117142553e-05,7.648252306045044e-05,4.0465073104811985e-05,2.349624060150376e-06,0.0,0.0,0.0,0.0,2.8710881424059718e-06,6.891218679774372e-05,4.490055349398475e-05,0.0,0.0,0.0,0.0,0.0,0.0,6.317001051293177e-05,6.786925863323253e-05,0.0,0.0,0.0
25,0.0,0.002380691600101597,0.05056659945876758,0.13207873830797381,0.14042939711838015,0.0704055146164179,0.015513239165075106,0.0006547929636324927,7.726860092156273e-05,0.0217692554607663,0.12899607853712625,0.14697711918965448,0.10707398548963402,0.08452406642378159,0.017269029421313385,0.001020766826137765,8.770820083965817e-05,0.05392727610656427,0.1557243794698287,0.07474357772759707,0.050698362399893455,0.08014604854893687,0.02455956279183558,0.000854142672372733,6.682633046872133e-05,0.07606752658249322,0.15964982008903927,0.08167162993983866,0.08697097094267198,0.0896269704658369,0.036630226793379024,4.5595585222743976e-05,0.0,0.05314925592725572,0.11688445034245226,0.08871352372283307,0.10242797010392869,0.10908966119146181,0.04310009305608196,0.0,0.00013150916826627895,0.025152032937730554,0.08451780386857138,0.06936137889257518,0.08688729903676509,0.10519165027981578,0.04086245205336827,3.1736517623314365e-05,2.8259155821763704e-05,0.005771232971052768,0.07989286576451811,0.10394562233102464,0.11596888284081977,0.10151266445895474,0.03330841898586559,0.0008506497402536922,0.0,0.0021766508979881014,0.052861128225946484,0.14110516007461243,0.14131484356297722,0.06630946664618696,0.01484867918217433,0.002024302169085749
26,0.0,0.0090264243850525,0.17990937891580658,0.47289348488070154,0.4952357458800378,0.23989491066383603,0.060294926590696296,0.005039214777518496,0.00020483501450566699,0.06412278010450197,0.4239667915938333,0.5302587844008699,0.3989889854810831,0.3044846876085222,0.07421209326221524,0.005376225046601504,0.0001249614319637869,0.12429695650871775,0.524199437202247,0.3250528904984829,0.21303538657238058,0.2927909192792177,0.08832982902546092,0.00290679990782451,7.543959489593924e-05,0.15964982008903927,0.5686941766497595,0.3837412351630222,0.3459207781251431,0.3264990815337202,0.11899656744287038,0.00014201817184904313,0.0,0.1466609704000258,0.42488140290281173,0.37333988381653715,0.3995410069946814,0.3972747714025234,0.14120392316512248,0.0,0.0005282398686233529,0.08407779062095143,0.3300354053083541,0.29283531359062404,0.32562584940090783,0.3846877646411278,0.16189925403943242,0.001269910825011207,0.0003278285998675613,0.026082838568252987,0.31004653283239203,0.38695785417479145,0.40423731961116227,0.36999341020848925,0.14536570615196814,0.0067864181405047335,1.545595054095827e-05,0.008211621669722023,0.18984701945366161,0.49358048513972264,0.5154573450645662,0.26753755434501203,0.06486016406973787,0.008661679138130787
27,0.0,0.014104104206026197,0.22778779855774367,0.4763139249177367,0.48712115525248356,0.2522598299333397,0.057809539819015876,0.003693999232783989,0.00026283549903212893,0.0860773605086708,0.41265249220170247,0.47314249799570407,0.4290952051935557,0.32454097616741806,0.0736588446292418,0.0035424844965859727,0.0001308109910750298,0.09911510994000067,0.38272755742684306,0.3409815788813366,0.3355841913909398,0.29232279984185305,0.06060145094090281,0.002066834063005074,5.4814442436841464e-05,0.08167162993983866,0.3837412351630222,0.5188066090959027,0.4774686928469098,0.28998454541736335,0.0759678708373376,0.0001055688581060922,0.0,0.06362749376765969,0.29249538681772147,0.41988638760132974,0.4306313719795033,0.33256930062898304,0.09463700430784444,0.0,0.0002752921030403225,0.04304390316605309,0.2349573042943627,0.2831203584927833,0.31060897839035856,0.327422332879886,0.1323533369056527,0.0014278757347232372,0.00023574397708859158,0.029872170686386073,0.29335395965266753,0.3678556991011619,0.3739955170237614,0.35595694682805656,0.14427036026839593,0.00844702620635088,5.151983513652756e-06,0.012480566434313611,0.24338304738937613,0.48813903552339877,0.48892109294913366,0.28081476143840234,0.07524923596470569,0.013047470467580771
28,0.0,0.014764859536778792,0.2685040604855071,0.5596087702132835,0.5596660299552974,0.2937548260836463,0.06674868044346495,0.004875590230021504,0.0002963140411127655,0.10695584829521414,0.49356729276408795,0.5199453967542229,0.4966627748086119,0.4140386375406062,0.09102724558996048,0.0038382419554367137,0.00011773586190834322,0.11923983514819407,0.3997328600579838,0.30578102499624005,0.43407673385227163,0.3985700635521594,0.06502033890962358,0.0018967609264684466,4.0465073104811985e-05,0.08697097094267198,0.3459207781251431,0.4774686928469098,0.6369668370712358,0.37142763292143505,0.07702284530391504,8.874503408617395e-05,0.0,0.06284321530046988,0.2704554572959435,0.4444948393911631,0.5366349283547391,0.3972469923112834,0.1114283769634393,0.0,0.00015583941106530385,0.04598006937073057,0.2340825205054962,0.326785836336551,0.35607146869039913,0.3482847691313832,0.13880993848829618,0.0010880934238472477,0.00015908915707214585,0.03039760317945816,0.3167523448143401,0.4262241251291355,0.41776005976931707,0.38451581239356597,0.16534105724954506,0.009044392725163919,2.833590932509016e-05,0.013242251990988824,0.28873972226976524,0.5654966763737267,0.528736284491535,0.31314191164628175,0.09945263542394178,0.01843826758708329
29,0.0,0.005556061576396745,0.1596388990544804,0.39889806630736196,0.4349229376825175,0.23138297008486206,0.061459427343435506,0.007974773242210876,5.1595197277189074e-05,0.05185308101279861,0.35434262651648396,0.402264627532376,0.3663100609066823,0.34590558559093876,0.09115650741898607,0.007052024924606289,1.5779981965734897e-05,0.079839501853226,0.34582216482425004,0.22174197789214786,0.23419549280626406,0.38229124626009015,0.10364950353395463,0.0031056896898210415,2.1146616541353385e-05,0.0896269704658369,0.3264990815337202,0.28998454541736335,0.37142763292143505,0.4307387813944431,0.13499906429161204,0.00013104122344070066,0.0,0.08973067248575982,0.26744199461274953,0.27117198353377436,0.3401803789676228,0.3933702815051189,0.13881187235444414,0.0,0.000406225965239541,0.056139412275991944,0.210954738174564,0.21154449060707756,0.2638714467779752,0.31511095142193707,0.1201772699653525,0.0007120190589946179,0.00022488260229325315,0.020729890831958548,0.22458862123278703,0.2981368114352819,0.32631513673485335,0.30286199554507054,0.10215155409649769,0.004006466724579874,2.0607934054611026e-05,0.004879984377597104,0.17015896099257846,0.4073383795419119,0.3950339962345587,0.21358528075624789,0.05238565000833746,0.008202696629273688
30,0.0,0.000954578912547517,0.041824746744912406,0.12093298864685065,0.13733413711908996,0.06453782927612607,0.019245811396333214,0.003538089783734979,0.0,0.010559496216673025,0.10494480128534497,0.13286049525792107,0.1096209126570175,0.10097671483858299,0.030664059114563488,0.003933574097058185,0.0,0.022820240339170884,0.11338799298886748,0.06751405613312655,0.05072024109167961,0.11259235158824497,0.052536992960964174,0.0027466228821278246,0.0,0.036630226793379024,0.11899656744287038,0.0759678708373376,0.07702284530391504,0.13499906429161204,0.09027794428521058,0.00012933906215022864,0.0,0.048913362792621616,0.11519582333476966,0.08001127253233432,0.08353125475072877,0.122383408167111,0.061974285482087915,0.0,0.0002414557156620002,0.03002012435375382,0.08637819276471374,0.06516047441024372,0.07689495859109781,0.09743398078719571,0.036360441382437936,0.00012830819751546982,0.00026344676180021956,0.007282955368128413,0.07583819384962842,0.09228195505059279,0.1036842369565707,0.08824859719279206,0.018692338823420265,0.00030737969876171807,0.0,0.0007135495764086348,0.045360705368233174,0.12257687107964176,0.11816407942638867,0.046152541573197134,0.005653336220158916,0.0004359686481727761
31,0.0,0.0,0.0,5.465131804176689e-05,0.00012175316492846222,1.891835662305062e-05,2.450980392156863e-05,3.4313725490196084e-05,0.0,0.0,3.617544609460452e-05,0.00013688809905227647,8.122815751757379e-05,1.7156862745098042e-05,7.497987123059094e-05,4.330886413079447e-05,0.0,7.119985131174756e-06,0.0001124969611924523,0.00010974980239483429,1.562331848216784e-05,6.271153636479144e-05,0.00012538622987393953,4.064351107520233e-05,0.0,4.5595585222743976e-05,0.00014201817184904313,0.0001055688581060922,8.874503408617395e-05,0.00013104122344070066,0.00012933906215022864,9.42498316098232e-06,0.0,4.4550587715597975e-05,0.00013899700135650678,0.000105582453408538,9.655904332039334e-05,0.0001292520884672821,5.091318233699085e-05,0.0,4.390779363336993e-06,3.5126234906695945e-05,4.0794967822474766e-05,4.697488215923032e-05,9.200868629226127e-05,9.74399430379792e-05,1.1460651131283821e-05,0.0,1.7563117453347972e-05,3.5126234906695945e-05,3.5126234906695945e-05,8.34744533119811e-05,0.00012140170521885246,5.730761338375359e-05,0.0,0.0,0.0,0.0,0.0,8.773235930990619e-05,0.00011181700034650314,1.8046820176289308e-05,0.0,0.0
32,0.0,0.0,0.0,0.0,0.0,0.0,0.0,0.0,0.0,0.0,0.0,0.0,0.0,0.0,0.0,0.0,0.0,0.0,0.0,0.0,0.0,0.0,0.0,0.0,0.0,0.0,0.0,0.0,0.0,0.0,0.0,0.0,0.0,0.0,0.0,0.0,0.0,0.0,0.0,0.0,0.0,0.0,0.0,0.0,0.0,0.0,0.0,0.0,0.0,0.0,0.0,0.0,0.0,0.0,0.0,0.0,0.0,0.0,0.0,0.0,0.0,0.0,0.0,0.0
33,0.0,0.0008232344509163771,0.031124635381757703,0.1146605803089321,0.12749811821352458,0.04562426852790409,0.007730533560115713,0.0004353916491241509,1.2001920307249158e-05,0.007162466594843151,0.09163873431081668,0.1438904389839494,0.09881999173777008,0.06501359801632398,0.013442983221879758,0.0011711663744409992,0.0,0.022822964041508735,0.13037448668163643,0.085568173590663,0.04199709786766325,0.07364621409771382,0.02840944880310303,0.0011248921637302006,1.1748120300751879e-05,0.05314925592725572,0.1466609704000258,0.06362749376765969,0.06284321530046988,0.08973067248575982,0.048913362792621616,4.4550587715597975e-05,0.0,0.08187177842288425,0.14783855493465287,0.08720713668293163,0.10150617784111715,0.12030833072775317,0.053470199765631624,0.0,0.0004266631972777405,0.049319319278776,0.12605023929719153,0.08653601699692057,0.09288774919087184,0.10927931031653382,0.0406640416898839,9.164767989391245e-05,0.00015375361751752183,0.008250064585030574,0.0819643762755476,0.09997440712335434,0.11513792450413675,0.08928410826840626,0.025737842359305957,0.00044945038064818685,0.0,0.0008948949428695906,0.03341882107176607,0.11862890260583729,0.13190097395070072,0.05378919472893512,0.008021714276626419,0.00034262030925897566
