,0,1,2,3,4,5,6,7,8,9,10,11,12,13,14,15,16,17,18,19,20,21,22,23,24,25,26,27,28,29,30,31,32,33,34,35,36,37,38,39,40,41,42,43,44,45,46,47,48,49,50,51,52,53,54,55,56,57,58,59,60,61,62,63,64,65,66,67,68,69,70,71,72,73,74,75,76,77,78,79,80,81,82,83,84,85,86,87,88,89,90,91,92,93,94,95,96,97,98,99,100,101,102,103,104,105,106,107,108,109,110,111,112,113,114,115,116,117
0,1.118627458617332,0.9523786270691335,0.8879325219084714,0.7686588120740021,0.9802321486530344,0.7980529698149951,0.7264510873093151,1.0040398896462188,0.9512446932814019,0.4934699935086007,0.09333631937682572,0.09732301200908793,0.06539279454722492,0.12253554040895807,0.08240368386887377,0.09101178188899708,0.0019789191820837543,0.019823044466082414,0.14211876014281075,0.13639608893216495,0.048202531645569646,0.008130103862382334,0.053265433300876325,0.12838067185978583,0.06717796170074651,0.06354355728659526,0.1185944660824408,0.09268162934112303,0.15868690360272636,0.146060029211295,0.06391559558584871,0.07602567348263553,0.00241471924699774,0.05679316780266149,-0.01980222330412203,0.1745102239532619,0.4060614897760466,-0.18767048036351833,-0.14520071405387855,-0.2294875527426161,-0.15863317104836092,-0.15906549821486532,-0.15249949691658557,-0.12784298928919183,-0.23433792599805253,-0.1442456345342421,-0.10819211295034083,-0.13819246997728013,-0.03167020447906522,-0.20607270366764036,-0.22009281077572215,-0.8700553716325867,-1.1183599967543008,-0.9805094125284,-0.9182191983122365,-0.9403473060694576,-0.9486637455371629,-1.0014126419993503,-0.8743547549496918,-0.8830594449853942,-0.7198875040571241,-0.389823482635508,-0.7177367250892568,-0.5384004543979228,-0.6718879746835441,-0.7012189873417723,-0.41907603050957487,-0.5839330249918857,-0.27358088283024984,-0.22700529049010065,-0.29256306394027926,-0.15326835443037973,-0.21016381045115223,-0.17254345991561187,-0.3890851022395326,-0.3810451152223304,-0.2415802336903602,-0.30713052580331063,-0.470103278156443,-0.9601444011684516,-0.36411129503407974,-0.351137893541058,-0.3258456507627394,-0.22803378773125613,-0.1888556637455372,-0.2144967218435573,-0.2940410418695229,-0.3196030185004869,-0.2291937358000649,-0.1053212106458942,-0.08953591366439469,-0.050033333333333325,0.19822284972411552,-0.4202617332035053,-0.41338463161311256,-0.07480095748133724,0.03498870496592016,0.3101668776371308,0.0309323271665044,-0.036692843232716654,0.2884480688088283,1.118627458617332,-0.1480660986692633,-0.5054720707562479,0.12146295034079845,-0.15214505030834147,0.3248173969490426,-0.122646299902629,-0.14062158390133073,0.14656781888997075,-0.9409732229795522,-0.357786741317754,0.19553672508925676,0.2119159850697825,-0.3580504543979228,-0.22859672184355737,0.14496939305420314,0.06492786432976307
1,0.9523786270691335,1.0013085686465435,0.8814827328789354,0.7752468029860433,0.9573919182083735,0.699003505355404,0.666843086660175,0.8965186465433299,0.8819827653359296,0.5106136157091854,0.08154318403115873,0.12486692632262256,0.052269847452125935,0.09281681272314185,0.05157116196040248,0.09566953911067834,0.014029195066536855,0.021532181110029212,0.14196213891593643,0.1258092340149302,0.027918078545926654,-0.008671697500811423,0.043233138591366446,0.13792603050957483,0.09632148653034728,0.03637577085361894,0.07832213567023695,0.054467072379097696,0.10821392405063292,0.10271244725738396,0.054332489451476805,0.013026793248945156,-0.020183235962349867,0.06815938007140539,-0.009535978578383631,0.1834437195715677,0.4011822460240183,-0.1317308990587472,-0.1114279130152548,-0.16146645569620252,-0.10030962349886396,-0.12501877637130804,-0.11322893541058096,-0.08783958130477117,-0.18138932164881527,-0.07777771827328793,-0.03651616358325221,-0.09579294060370012,-0.019134566699123653,-0.17007200584225904,-0.20309157740993183,-0.8892285134696528,-1.0855818078545927,-0.9906751703992211,-0.9179078221356701,-0.9319351346965272,-0.9464245050308344,-1.007437893541058,-0.873992518662772,-0.8706340149302173,-0.6875974196689385,-0.4136214540733528,-0.7297851509250246,-0.53092382343395,-0.6524288704965922,-0.6376907172995779,-0.4474458779617009,-0.6217384128529697,-0.21669057124310287,-0.21035576111652063,-0.2428785134696526,-0.12457017202207084,-0.16838450178513475,-0.14793000649139887,-0.35801471924699774,-0.31366569295683217,-0.19646752677702048,-0.2684189224277831,-0.4012138104511522,-0.9023531645569616,-0.3015522557611165,-0.2941138104511522,-0.28875329438494,-0.20973664394677047,-0.15474016553067188,-0.14347080493346315,-0.24358326841934433,-0.28773151574164235,-0.2030417234664069,-0.08020361895488479,-0.10305506329113924,-0.10077435897435896,0.17440219084712752,-0.37339537487828606,-0.3710486530347289,-0.05831796494644596,0.03733620577734504,0.30443761765660504,0.011589922103213243,-0.0037683706588770016,0.27569105809802014,0.9523786270691335,-0.11411509250243426,-0.4674835118468032,0.15935973709834467,-0.14906851671535215,0.2933111814345993,-0.08755326192794545,-0.11685597208698471,0.14987487828627075,-0.8975442875689709,-0.32962995780590715,0.16982489451476795,0.10947195715676716,-0.325675105485232,-0.1900028562155145,-0.0038519311911716816,0.046469311911716965
2,0.8879325219084714,0.8814827328789354,0.8693483933787735,0.6899858325219085,0.855722346640701,0.6366988802336904,0.63860658876988,0.8536521097046411,0.8012404414151253,0.4666115871470304,0.05529683544303794,0.09153510223953264,0.039551476793248955,0.08739498539435246,0.04221660175267772,0.07775394352482962,0.010961311262577092,0.007429730606945779,0.10439519636481664,0.09232228172671213,0.009087422914638089,-0.021684112301200917,0.028463096397273617,0.10403278156442707,0.06361913339824729,0.03573614086335605,0.0754729146381045,0.051705728659526114,0.10902578708211616,0.07684529373580001,0.032364443362544626,0.02527667964946446,-0.027637958455047056,0.036505728659526136,-0.03100319701395651,0.1539015254787406,0.34589587796170074,-0.12431178188899708,-0.10745490100616688,-0.14764271340473875,-0.1128345504706264,-0.1326933787731256,-0.11768518338201885,-0.10032437520285623,-0.184598247322298,-0.08671671535215839,-0.04597197338526452,-0.09614109055501459,-0.0075093638429081485,-0.1606021583901331,-0.1788173807205453,-0.7713077896786759,-0.9536006653683868,-0.8537512009087959,-0.7763028075300226,-0.8188522557611165,-0.8329090879584548,-0.8757019798766633,-0.7690636968516716,-0.7743650600454398,-0.603052693930542,-0.3564258033106134,-0.6257444336254465,-0.4411504381694256,-0.5955613437195715,-0.5711216975008113,-0.3843073352807528,-0.5735080817916262,-0.2063651736449205,-0.1817539110678351,-0.24216548198636811,-0.12336811100292112,-0.16878424212917892,-0.1492868711457319,-0.32062968192145413,-0.29557830249918854,-0.18758414475819535,-0.26997938980850383,-0.3707959266471924,-0.8562426322622525,-0.285434518013632,-0.29217797792924366,-0.2750274910743265,-0.20659787406686136,-0.1412940603700097,-0.14727330412203832,-0.24022487828627065,-0.2757837715027589,-0.18591621226874389,-0.08706848425835768,-0.11420051931191172,-0.08300128205128204,0.17833375527426165,-0.3428818727685816,-0.3219530834144758,-0.06788448555663744,0.0262090717299578,0.2683862382343396,0.019943443687114575,-0.016813291139240516,0.2659638429081467,0.8879325219084714,-0.1306036189548848,-0.3900472898409605,0.11847210321324247,-0.14974417396949044,0.25903106134371967,-0.09682646867900031,-0.1163124797143784,0.134063794222655,-0.8480572379097694,-0.2995911067835119,0.1731226387536514,0.16079613761765665,-0.2646081304771178,-0.17084766309639726,0.031147500811424877,0.04825191496267444
3,0.7686588120740021,0.7752468029860433,0.6899858325219085,0.7195425511197662,0.7537319052255762,0.577392340149302,0.5846413177539758,0.7380952937358,0.6987778318727684,0.45079949691658566,0.02507244401168451,0.032302661473547566,0.021806962025316456,0.03098643297630639,-0.0020292437520285614,0.0586502758844531,-0.016806199285946104,-0.03426533592989288,0.06299237260629664,0.053657789678675766,-0.030955079519636487,-0.028748360921778647,-0.015344303797468352,0.057115530671859774,0.04150100616682896,-0.018674310288867246,0.020680736773774744,0.014064735475494979,0.018745926647192462,0.008692648490749761,-0.0022099318403115908,-0.026220561506004544,-0.07055477117818891,0.015563453424212913,-0.040416536838688726,0.12783466407010713,0.2810212268743915,-0.1254462025316456,-0.10066815968841288,-0.16851033755274253,-0.09025024342745865,-0.10756713729308665,-0.1285783187276858,-0.09654384939954556,-0.17057323920804923,-0.0796764199935086,-0.02573490749756573,-0.100440782213567,-0.019217770204479057,-0.14213325219084716,-0.16646142486205767,-0.6460220707562481,-0.8024478253813696,-0.7049858812074,-0.6727936384290814,-0.6551283998701719,-0.6857492534891269,-0.7546047549496914,-0.638626841934437,-0.6333627555988316,-0.45395720545277496,-0.24295772476468683,-0.491049399545602,-0.37167239532619273,-0.453902012333658,-0.4442612625770854,-0.32083018500486865,-0.4805587958455047,-0.2183555988315482,-0.2111689873417721,-0.2343630963972736,-0.12433592989289192,-0.14327351509250236,-0.15123096397273608,-0.29763388510223965,-0.2712874553716327,-0.18724375202856217,-0.24658305744888023,-0.3202489289191821,-0.7152064751703993,-0.26209972411554694,-0.2215425186627718,-0.2395437033430704,-0.18985188250568,-0.15182419668938651,-0.1396856864654333,-0.23356471924699773,-0.2697839337877312,-0.16752734501785127,-0.08819574813372281,-0.07453266796494645,-0.09068076923076925,0.1438516228497241,-0.2855856053229471,-0.33267497565725407,-0.03465433300876339,0.01966950665368387,0.22066186303148327,0.02446176566049984,-0.004467786432976309,0.25892533268419343,0.7686588120740021,-0.0889745699448231,-0.2728386887374229,0.10466390782213562,-0.12606191171697495,0.1919380071405388,-0.08380170399221033,-0.1010317267121064,0.10243993833171049,-0.6947517039922104,-0.24174617007465113,0.10885324569944824,0.08162794547224916,-0.21164290814670553,-0.108653635183382,-0.02000665368386886,0.03587422914638102
4,0.9802321486530344,0.9573919182083735,0.855722346640701,0.7537319052255762,1.088955728659526,0.7451394677052906,0.7055359785783835,0.9449182083739043,0.9615820188250567,0.492977994157741,0.13275345666991237,0.1296235313209997,0.0592568484258358,0.09450634534242128,0.061672930866601736,0.11433419344368712,0.029953975981824105,0.03010535540408957,0.1459481661798117,0.14066199285946124,0.06921689386562806,0.009063631937682561,0.07757914638104509,0.1724609380071405,0.115968370658877,0.05102458617332034,0.10576822460240184,0.0817837228172671,0.11365962349886402,0.12581441090555012,0.0647049334631613,0.030427977929243757,-0.015541496267445656,0.05982859461213893,-0.007689565076273949,0.2096848425835769,0.44764136643946767,-0.11009638104511524,-0.09100910418695224,-0.1769486692632262,-0.09901011035378127,-0.10701458941901976,-0.12739198312236288,-0.09605933138591367,-0.2380588769879909,-0.09774978902953585,-0.07329623498864003,-0.10159117169750084,-0.015938055826030507,-0.18288722817267125,-0.22664904251866275,-0.8443598344693282,-1.0717787406686143,-0.9906212917883802,-0.9035463810451152,-0.9233765498214868,-0.9257153197013955,-0.9723640701071081,-0.8425551768906197,-0.9257826030509576,-0.7520387536514118,-0.43467664719247,-0.760392924375203,-0.53893399870172,-0.681291869522882,-0.6099555501460565,-0.5012306069457969,-0.6901290814670561,-0.18815305095748136,-0.2241309152872445,-0.23443162934112308,-0.11805613437195718,-0.17235204479065233,-0.16878552418046086,-0.3630465920155794,-0.3452470139565076,-0.1912755436546576,-0.24286708860759493,-0.37833730931515747,-0.9265558584875042,-0.28176965271015897,-0.28657320675105497,-0.24895608568646552,-0.17172887049659205,-0.13276291788380393,-0.13005884453099636,-0.233566553067186,-0.27498143459915614,-0.2042617981174943,-0.052106653683868895,-0.07226911716975008,-0.10848974358974352,0.179887487828627,-0.3967614573190522,-0.41452039922103207,-0.05210996429730604,0.05978547549496918,0.30405236936059704,-0.008091674780915286,0.055021697500811394,0.31246480038948404,0.9802321486530344,-0.11581038623823436,-0.4434031970139564,0.1478798604349237,-0.16176669912366115,0.2847718111002922,-0.12435538786108404,-0.04636814345991563,0.1439291139240506,-0.924469490425187,-0.2931915287244402,0.15237625770853613,0.13025092502434263,-0.29543656280428426,-0.23812294709509893,-0.02150370009737099,0.09811135994806883
5,0.7980529698149951,0.699003505355404,0.6366988802336904,0.577392340149302,0.7451394677052906,0.796652482960078,0.5948197825381372,0.738707919506654,0.7109849074975657,0.3726172833495617,0.06290094125283996,0.08463437195715677,0.06601400519311913,0.0813608406361571,0.060996186303148334,0.08233969490425187,0.004268062317429419,0.01756205777345019,0.1208741966893866,0.12484719246997723,0.02776462187601428,0.024583722817267104,0.026087682570593983,0.08077848101265822,0.07622184355728659,0.07136333982473222,0.08941674780915283,0.03240803310613437,0.10764543979227524,0.11231901979876668,0.019822265498214867,0.04546614735475496,0.013356799740344042,0.0476336741317754,0.0376753164556962,0.08110180136319374,0.2718892405063292,-0.12142744238883477,-0.0925026777020448,-0.1456158227848101,-0.07206926322622528,-0.08196484907497564,-0.0714939467705291,-0.0722134534242129,-0.1660880558260305,-0.06378523206751054,-0.03900439792275236,-0.09320765985069784,-0.008486984745212593,-0.1459175105485232,-0.11677784810126576,-0.6847781564427134,-0.7892823596234989,-0.7279109380071405,-0.6743197500811425,-0.7033866926322622,-0.7071390457643624,-0.7036143946770528,-0.6499572541382668,-0.6768296494644596,-0.535948653034729,-0.29371530347289826,-0.5618290652385592,-0.3885209347614412,-0.4849526614735474,-0.4856859461213889,-0.33994633235962346,-0.50897288218111,-0.17461741317753976,-0.1629640701071081,-0.2199396949042518,-0.10456786757546252,-0.10609185329438488,-0.11675848750405708,-0.2876281077572217,-0.23586020772476468,-0.1459919019798767,-0.20339748458292764,-0.2907308828302499,-0.6362652223304122,-0.2097372281726712,-0.21099498539435244,-0.2242042031807855,-0.1655234988640052,-0.10736579032781562,-0.13691783511846803,-0.1953984582927621,-0.19257990912041545,-0.12541176566049983,-0.04402473222979552,-0.07603179162609541,0.003191025641025648,0.12567927620902303,-0.29825457643622194,-0.4120382018825058,-0.0327936546575787,0.04753713080168778,0.24054790652385577,0.030803278156442727,0.0021931840311587127,0.24963474521259316,0.7980529698149951,-0.11225395975332685,-0.3533225089256736,0.1469838201882505,-0.11172022070756246,0.22695754625121717,-0.08748997078870499,-0.09876363193768255,0.06223028237585199,-0.6096771502758844,-0.23401470301850047,0.15611752677702043,0.2940762901655305,-0.2620119604024666,-0.1887742453748784,0.06597560856864654,0.07637083739045758
6,0.7264510873093151,0.666843086660175,0.63860658876988,0.5846413177539758,0.7055359785783835,0.5948197825381372,0.687140863356053,0.7595315319701393,0.6528423726062967,0.40209529373580005,0.010934112301200916,0.02697345017851348,0.02426579032781564,0.05535141187925997,0.03804772801038625,0.04634827977929244,-0.023910516066212268,-0.0257863518338202,0.07999341123012006,0.0579093476144109,-0.0054119928594612175,-0.010950340798442072,0.010996835443037964,0.06312555988315481,0.06546197663096395,0.028773904576436228,0.07472637130801686,-0.006118727685816289,0.05971536838688735,0.0478083576760792,0.0028093638429081366,0.0012184031158714802,-0.05526828951639077,0.03336716975008114,-0.03224010061668289,0.1043995456020772,0.2999506004543979,-0.11361364816617985,-0.07051384290814669,-0.1495039435248296,-0.08723618954884778,-0.08742338526452449,-0.11091218760142808,-0.09093646543330083,-0.16778096397273604,-0.07391196040246673,-0.053938299253489114,-0.09828304122038296,0.00616457319052256,-0.10974349237260624,-0.11286473547549496,-0.5120687925998053,-0.6394668776371306,-0.5658394677052904,-0.5059636481661793,-0.5454302336903601,-0.5695142323920803,-0.5932103213242452,-0.520964005193119,-0.5647258195391105,-0.45980967218435553,-0.2281761927945472,-0.4481141512495941,-0.28507302823758524,-0.4192803635183381,-0.4071132586822459,-0.26167340149302176,-0.420102093476144,-0.12081184680298596,-0.14354714378448555,-0.23144186952288232,-0.09734157740993184,-0.11892924375202855,-0.13499049010061667,-0.2911824569944824,-0.22412520285621543,-0.13933352807530025,-0.19646069457968185,-0.24986127880558257,-0.7035485394352483,-0.18758248945147676,-0.1683279454722492,-0.1810032132424538,-0.16604225900681596,-0.10367288218110995,-0.09630410580980205,-0.19687586822460235,-0.1942025154170724,-0.130419993508601,-0.0680251541707238,-0.0649053554040896,-0.025338461538461535,0.09498271665043816,-0.2852270853618955,-0.30827971437844864,-0.032505712431028885,0.043259818240830895,0.19890167153521576,0.028665400843881857,0.013452758844530992,0.2063691171697501,0.7264510873093151,-0.11766897111327489,-0.2306115546900356,0.10093130477117813,-0.09620890944498536,0.16385894190197983,-0.12900204479065236,-0.05065858487504055,0.08088664394677049,-0.6733430704316781,-0.22185027588445308,0.06902312560856863,0.3255878935410581,-0.16044738721194407,-0.15992974683544303,0.04043047711781889,0.05501702369360597
7,1.0040398896462188,0.8965186465433299,0.8536521097046411,0.7380952937358,0.9449182083739043,0.738707919506654,0.7595315319701393,1.0880183382018822,0.8907140538786102,0.5036900681596883,0.08103274910743268,0.054740425186627736,0.031570529049010074,0.0983332359623499,0.05902221681272313,0.07687244401168451,-0.004493395001622835,-0.010300941252839988,0.0988222492697176,0.07472247646867898,0.03148239208049334,-0.00804237260629666,0.0693065400843882,0.12079974034404414,0.07581088932164881,0.06397854592664719,0.1086549010061668,0.06170186627718273,0.1010535378123986,0.0885831548198637,0.0787381694255112,0.04382273612463487,-0.04325519311911715,0.018539045764362216,-0.04083627069133397,0.1337388023369036,0.3678114086335605,-0.18369264849074968,-0.1098501947419669,-0.18202749107432653,-0.14827734501785136,-0.16953919182083743,-0.16886746186303145,-0.14876079195066538,-0.26308959753326844,-0.138406734826355,-0.15063922427783183,-0.154205988315482,-0.022273109380071408,-0.1705494320025966,-0.20661202531645567,-0.7048711619604027,-0.9312860597208694,-0.8430742453748781,-0.7557695715676731,-0.7953744401168451,-0.8088332359623495,-0.8776512333657902,-0.7752237909769555,-0.7796815968841283,-0.7021914638104513,-0.3360604836092177,-0.5954868224602403,-0.41619138266796496,-0.5675333171048361,-0.6149467867575464,-0.4055061668289516,-0.5624577247646868,-0.15589944823109383,-0.16049829600778973,-0.2436570593962998,-0.11597715027588446,-0.1853094774423888,-0.15387059396299904,-0.3426730931515742,-0.2881327004219409,-0.21136139240506335,-0.2622096072703668,-0.3316066049983771,-0.9285837877312568,-0.2971083252190847,-0.28117327166504386,-0.24825592340149305,-0.167918305744888,-0.11470399221032138,-0.15157801038623825,-0.2244376501135996,-0.2675875365141189,-0.19045808179162607,-0.09449331385913666,-0.0665389321648815,-0.058825641025641015,0.15386007789678677,-0.377137698799091,-0.3878927783187277,-0.07298033106134372,0.025342956832197366,0.28294970788704976,-0.003617640376501133,-0.0007655306718597843,0.24275168776371311,1.0040398896462188,-0.19519378448555663,-0.36012338526452453,0.05606402142161639,-0.1475769717624148,0.25071092177864324,-0.1347862869198312,-0.042583625446283656,0.11024367088607596,-0.9184901330736771,-0.32968216488153207,0.12120989938331712,0.3731661311262577,-0.22503881856540084,-0.21666903602726384,0.07401496267445636,0.08978498864005194
8,0.9512446932814019,0.8819827653359296,0.8012404414151253,0.6987778318727684,0.9615820188250567,0.7109849074975657,0.6528423726062967,0.8907140538786102,1.0500261278805583,0.4859185491723466,0.1580609704641351,0.1464931840311588,0.07519470950989937,0.15125225576111645,0.08669193443687113,0.13569735475494968,0.06606856540084391,0.05380556637455371,0.18207878935410576,0.16939190197987666,0.10931069457968191,0.0483647517039922,0.08093459915611814,0.1692936222005842,0.1120577734501785,0.04123889970788706,0.11897406686140864,0.10303774748458294,0.15802872444011679,0.16920691333982477,0.083018305744888,0.05672520285621552,0.005060905550146054,0.06992620902304449,0.03800629665692958,0.24718761765660496,0.44546283674131776,-0.14110428432327163,-0.1511660012982798,-0.2574622687439143,-0.15766629341123012,-0.1424080817916261,-0.17943691983122365,-0.13879079844206435,-0.2554412041544953,-0.15684162609542354,-0.1227436546575787,-0.16563498864005197,-0.07839198312236285,-0.22916209023044465,-0.25960666991236614,-0.8282537650113602,-1.0599317104836095,-0.8984806231742942,-0.8602478740668611,-0.8643030347289838,-0.8777445634534241,-0.9254248458292759,-0.8389646543330086,-0.9450673644920483,-0.727275105485232,-0.3713836254462836,-0.7112074164232391,-0.5520900194741968,-0.688934777669588,-0.6397116196040248,-0.4641178188899707,-0.6690765985069782,-0.22934397922752356,-0.21746191171697493,-0.24828838039597545,-0.14746952288218107,-0.17451932814021423,-0.19306457319052248,-0.35907163258682245,-0.3470947906523855,-0.23252325543654656,-0.2719603375527426,-0.4594762577085362,-0.7395198149951313,-0.33594495293735793,-0.30329677052904896,-0.3010728172671211,-0.19095796819214536,-0.18562418046088927,-0.18138271665043812,-0.28581837065887694,-0.3270913015254786,-0.21647815644271332,-0.05581686140863358,-0.07608119117169748,-0.07925512820512819,0.17336204154495297,-0.3994114735475495,-0.40265683219733867,-0.07178130477117817,0.0801922265498215,0.2809208698474522,0.013668711457319061,0.032616845180136314,0.34064594287568967,0.9512446932814019,-0.09517369360597208,-0.5596315319701395,0.13699824732229793,-0.11901105160662116,0.3236497565725413,-0.13250636157091852,-0.07972400194741967,0.15828636806231744,-0.7076563615709185,-0.3149668127231417,0.19949459591041863,0.10198227848101268,-0.41530668614086336,-0.2687250243427457,0.053497809152872416,0.10315908795845506
9,0.4934699935086007,0.5106136157091854,0.4666115871470304,0.45079949691658566,0.492977994157741,0.3726172833495617,0.40209529373580005,0.5036900681596883,0.4859185491723466,0.38158146705615054,0.01348669263226226,0.012132619279454722,-0.0009728497241155395,0.035267867575462526,-0.001795374878286268,0.02815139565076275,-0.00714086335605322,-0.04588881856540082,0.04151790003245698,-0.0016763550795196311,-0.02043625446283673,-0.030447062641999364,-0.018187925998052572,0.03437841609866925,0.014326809477442389,-0.028601639078221355,0.010171178188899715,-0.020127718273287895,-0.004454316780266148,0.00131032132424539,-0.009252807530022715,-0.02703425835767607,-0.054759883154819854,0.003915871470301841,-0.02899368711457319,0.07143554040895814,0.17451869522882182,-0.09003169425511195,-0.0682706751054852,-0.1237951314508276,-0.07782513794222656,-0.08463073677377474,-0.10016113274910744,-0.08105749756572538,-0.12714154495293736,-0.06875197987666341,-0.05227478091528724,-0.0897043492372606,-0.01906327491074327,-0.09078179162609536,-0.11280296981499514,-0.4149385751379421,-0.484831759169101,-0.4057458455047064,-0.3918060532294709,-0.3881037000973711,-0.40891914962674447,-0.4286300876338851,-0.42902794547224926,-0.4216667153521584,-0.301429211295034,-0.13060446283674135,-0.29476679649464455,-0.22731140863356047,-0.32733054203180767,-0.31830886075949383,-0.217940181759169,-0.33429276209023034,-0.08860381369685166,-0.10323511846802988,-0.1293039597533268,-0.07450574488802339,-0.10238781239857188,-0.09965241804608893,-0.18487715027588447,-0.15592831872768587,-0.1314376987990912,-0.16383706588769886,-0.20230657254138268,-0.4012025154170724,-0.16876270691333983,-0.13258093151574163,-0.13006369685167155,-0.11436397273612461,-0.09102768581629345,-0.07078317104836089,-0.14796428107757223,-0.18699987017202208,-0.1101990425186628,-0.05881793248945149,-0.04179120415449529,-0.0773769230769231,0.07279237260629665,-0.20362137293086663,-0.1915296656929567,-0.032769506653683875,0.018361652061019147,0.13075103862382345,0.00928123985718923,0.029296673158065556,0.1708531158714703,0.4934699935086007,-0.0715770853618955,-0.18707739370334303,0.04972706913339824,-0.08312760467380721,0.10471187925998052,-0.06948365790327819,-0.05629767932489453,0.05294600778967869,-0.3646657091853294,-0.1591208211619604,0.07070012982797792,0.1693630152547874,-0.15291525478740667,-0.08555881207400197,-0.010696932814021417,0.04184240506329112
10,0.09333631937682572,0.08154318403115873,0.05529683544303794,0.02507244401168451,0.13275345666991237,0.06290094125283996,0.010934112301200916,0.08103274910743268,0.1580609704641351,0.01348669263226226,0.1716701071080818,0.15315538786108407,0.11089292437520284,0.1520462999026289,0.107059623498864,0.13083107757221685,0.15058175916910096,0.12951038623823435,0.1535916260954235,0.17401564427134047,0.16133089905874717,0.11377445634534245,0.1395280103862382,0.16594782538136968,0.15720866601752678,0.1258142323920805,0.12962982797792924,0.1319811749432002,0.13370494969165853,0.16746372930866607,0.13864659201557936,0.09937679324894512,0.1270193281402142,0.09899912366114896,0.1171640214216164,0.15153859136643952,0.16162070756247962,-0.024507822135670248,-0.009898425835767609,-0.04760619928594612,-0.021333982473222986,-0.018800827653359303,-0.029028935410580985,-0.013516504381694255,-0.049050860110353776,-0.02680848750405713,-0.047112317429406046,-0.02590832521908473,-0.026880720545277504,-0.05979892891918209,-0.08524670561506006,-0.12235800064913994,-0.19010360272638757,-0.19806234988640056,-0.19294756572541377,-0.19931590392729637,-0.1701962999026289,-0.18288020123336576,-0.15648482635507943,-0.27244555339175586,-0.22994229146381057,-0.12442017202207072,-0.18197874066861408,-0.16241356702369364,-0.10502117818889972,-0.10449840960727035,-0.11175485232067511,-0.17311277182732876,0.01076712106458942,-0.0049672995780590725,0.021300973709834456,0.00402469977280104,-0.008131937682570598,-0.007699237260629667,0.004081434599156117,-0.044560564751703995,-0.009963680623174287,0.01784902629016553,-0.053083041220382966,-0.026258292762090248,-0.014795845504706256,-0.04633688737422914,-0.03063534566699123,0.026054381694255117,0.019888039597533266,-0.004907984420642644,0.0029859623498863976,-0.0046969003570269405,-0.02633915936384291,0.029950227198961368,0.023901346965271016,0.005973076923076921,0.042403472898409615,-0.043863323596234974,-0.048458909444985376,-0.030185913664394687,0.04130030834144759,0.040120950989938335,-0.03926905225576112,0.015259834469328135,0.02559875040571243,0.09333631937682572,-0.006648425835767617,-0.16540146056475172,0.018857172995780595,0.016086611489776047,0.09554451476793248,-0.03577377474845829,0.04408889970788704,0.04962103213242454,-0.011609672184355725,-0.04664790652385591,0.070551817591691,-0.16912676079195071,-0.10985972086984748,-0.08203747160012982,0.00031601752677701945,0.00996290165530672
11,0.09732301200908793,0.12486692632262256,0.09153510223953264,0.032302661473547566,0.1296235313209997,0.08463437195715677,0.02697345017851348,0.054740425186627736,0.1464931840311588,0.012132619279454722,0.15315538786108407,0.2708518338201883,0.15066637455371631,0.20689149626744568,0.15318471275559875,0.1769908795845505,0.17570290490100623,0.1760771989613762,0.21649823109380067,0.23629670561506003,0.18465283998701723,0.1463229633235963,0.17368740668614088,0.20658159688412847,0.2110924537487828,0.15972591691009405,0.18460280753002276,0.14309717624148005,0.20296708860759488,0.23525705939629984,0.18389500162284972,0.12253177539759816,0.19262039922103208,0.17687922752353133,0.16900415449529374,0.18744001947419672,0.2304356702369361,0.0007856215514443346,0.0015829925348912668,-0.016659006815968852,0.018053748782862714,0.0032836579032781534,0.011802775073028236,0.033883998701720215,0.013867883803959752,0.002900714053878608,-0.030152937358000648,-0.021143492372606296,-0.010753261927945469,-0.027966634209672183,-0.04711174943200257,-0.24174087958455048,-0.27127143784485547,-0.2977328140214216,-0.2922964297306069,-0.31981777020447894,-0.30409534242129166,-0.275573953261928,-0.2726217624148003,-0.36135817916260954,-0.2885818565400844,-0.23050616682895156,-0.3055730931515741,-0.25904998377150285,-0.14154259980525805,-0.15456424862057774,-0.11324668938656272,-0.1965571080817916,0.033359298928919145,0.042061635832521885,0.05061681272314182,0.03275152547874066,0.021044952937358,0.0413040246673158,0.03119516390782213,-0.0004767770204479005,0.02576788380395976,0.03121780266147356,-0.03301059720869848,0.02379023044466081,0.013153700097370992,-0.03683367413177539,-0.0530485069782538,0.005516682895163904,0.02840006491398897,0.02632469977280104,0.05136103537812399,0.040925657254138256,0.013257010710808172,0.02670785459266471,-0.015346656929568332,0.03611153846153847,0.019835264524505025,-0.04481372930866601,-0.06034152872444013,-0.03420275884453097,0.06478062317429405,0.07001807854592666,-0.029863242453748794,0.03787570593962998,0.0036452612788055905,0.09732301200908793,0.046594530996429726,-0.2719906037000974,0.10899761441090557,0.05865985069782536,0.14229186952288214,-0.03453529698149951,0.033286027263875355,0.10686264199935085,0.05288393378773122,-0.0788748782862707,0.1073384777669588,-0.19479164232392085,-0.19834741966893865,-0.127975300227199,0.019585800064913995,0.016552255761116536
12,0.06539279454722492,0.052269847452125935,0.039551476793248955,0.021806962025316456,0.0592568484258358,0.06601400519311913,0.02426579032781564,0.031570529049010074,0.07519470950989937,-0.0009728497241155395,0.11089292437520284,0.15066637455371631,0.14395731905225587,0.1555009574813372,0.11104029535864977,0.13447609542356376,0.13332500811424866,0.12760241804608896,0.15770749756572539,0.17785227198961379,0.13095626419993503,0.12498739045764364,0.118307270366764,0.1495918695228822,0.15945851996105162,0.1382575462512171,0.1369847127555988,0.11624425511197664,0.15475196364816612,0.16372718273287895,0.1113708211619604,0.09646937682570596,0.12874892891918216,0.11608912690684849,0.13363166179811747,0.13205754625121716,0.14435555014605647,-0.036489597533268414,-0.012103213242453751,-0.04043052580331062,0.002504576436222003,-0.00608704965920156,-0.017476582278481027,0.0069994969165855245,0.001276127880558259,-0.0011425348912690735,-0.0245645082765336,-0.01981355079519636,-0.01967489451476793,-0.052561781888997086,-0.05571059720869848,-0.1094325056799741,-0.13863601103537815,-0.16128851022395324,-0.17048318727685816,-0.1730750567997403,-0.1542650600454398,-0.14983829925348918,-0.12102716650438164,-0.204728399870172,-0.1559950503083415,-0.10768067185978576,-0.15535436546575784,-0.12877383966244732,-0.04273370658876988,-0.08484826355079518,-0.0418132911392405,-0.11550566374553715,-0.02096653683868874,-0.007490473872119435,-0.017682505679974037,-0.010549902629016556,-0.007052531645569619,0.0042339175592340135,-0.016709883154819864,-0.02958250567997404,-0.014136692632262249,0.004945326192794546,-0.0565942388834794,-0.03405108730931517,-0.017355955858487496,-0.03928782862706914,-0.05417401817591688,-0.017958455047062637,0.005267461863031488,-0.02528909444985395,-0.009189175592340152,0.008047955209347606,-0.016867964946445962,0.00020775722168127304,0.006322362869198314,0.036175641025641005,0.048795131450827645,-0.03139703018500488,-0.041741739694904245,-0.029135718922427792,0.028782505679974035,0.023677231418370658,-0.021655809802012333,-0.03889792275235313,-0.015313177539759812,0.06539279454722492,0.004274991885751374,-0.13828136968516716,0.05329160986692637,0.046738299253489136,0.09292059396299902,-0.03256924699772801,0.006469539110678348,0.046959672184355754,-0.009367964946445966,-0.058220464135021126,0.06545436546575788,-0.19526075949367092,-0.11048153197013956,-0.050553197013956566,0.043239191820837374,-0.012704738721194419
13,0.12253554040895807,0.09281681272314185,0.08739498539435246,0.03098643297630639,0.09450634534242128,0.0813608406361571,0.05535141187925997,0.0983332359623499,0.15125225576111645,0.035267867575462526,0.1520462999026289,0.20689149626744568,0.1555009574813372,0.29733784485556636,0.19587233041220384,0.18428188899707887,0.21506148977604675,0.16348933787731257,0.22959347614410905,0.22410175267770205,0.20039061992859464,0.16871027263875368,0.1915730444660824,0.21667955209347609,0.2159488802336904,0.18028677377474853,0.20503915936384287,0.16916395650762744,0.23786129503407985,0.24294716001298275,0.17206738072054523,0.14752476468679,0.19103463161311263,0.16434985394352475,0.1745266958779617,0.2011149789029536,0.22603592989289195,-0.06124061992859464,-0.02862815644271341,-0.09478479389808504,-0.04244412528399871,-0.0436418046088932,-0.06487512171372933,-0.03964057124310289,-0.04943369036027264,-0.05617555988315483,-0.08629500162284971,-0.08370587471600126,-0.046941658552418046,-0.06539341123012005,-0.11012231418370656,-0.1801075300227198,-0.2035006004543979,-0.20434714378448543,-0.22814061992859455,-0.25776247971437843,-0.24245963972736123,-0.21175353781239864,-0.2299139240506329,-0.3345372930866601,-0.2761579032781564,-0.1645185329438494,-0.25052380720545286,-0.22820696202531657,-0.11053365790327815,-0.1837104186952288,-0.06434076598506977,-0.15707242778318728,0.024344092827004216,0.026409509899383312,-0.010501119766309644,0.0031340311587147044,-0.02238224602401817,0.00024008438818565528,0.013492632262252514,-0.04326394027913014,-0.022723433950016223,-0.0038655469003570234,-0.06356020772476469,0.008738575137942246,-0.03456298279779292,-0.06956405387861085,-0.08797640376501134,-0.037490295358649776,-0.009168873742291469,-0.02204107432651737,-0.0007341772151898697,-0.006444141512495947,-0.028090928270042188,-0.01059782538136969,0.004810694579681915,0.04121410256410256,0.04246767283349563,-0.04894474196689387,-0.02851879259980525,-0.08271004543979225,0.060353683868873735,0.038122508925673475,-0.01862411554690036,-0.00735220707562481,0.00968162934112301,0.12253554040895807,-0.0013255923401492985,-0.24575152547874068,0.019767007465108736,0.05844969165855243,0.1486469490425186,-0.07230631288542681,0.02603148328464784,0.10705991561181434,0.06464753326841935,-0.12777593313859137,0.09282893541058099,-0.19095082765335927,-0.17842747484582927,-0.12302697176241484,0.03541869522882184,-0.00010874716001298196
14,0.08240368386887377,0.05157116196040248,0.04221660175267772,-0.0020292437520285614,0.061672930866601736,0.060996186303148334,0.03804772801038625,0.05902221681272313,0.08669193443687113,-0.001795374878286268,0.107059623498864,0.15318471275559875,0.11104029535864977,0.19587233041220384,0.16545280753002267,0.1303323271665044,0.14933482635507947,0.13243851022395328,0.16370647517039927,0.16743855890944495,0.1491192794547225,0.12092086984745216,0.14622108081791627,0.16337578708211617,0.15918049334631615,0.1463256897111327,0.16732432651736448,0.13535832521908472,0.1814536189548848,0.18372598182408312,0.1270144271340474,0.11973328464784164,0.1535542031807854,0.12918396624472575,0.12678218111002915,0.14775645894190198,0.1900622525154171,-0.03901158714703019,-0.0013861084063615703,-0.04515649139889648,-0.017201525478740664,-0.019817137293086658,-0.028007805907172976,-0.016260516066212267,-0.021530931515741644,-0.03730334307043168,-0.05531567672833496,-0.04624206426484908,-0.019502385589094454,-0.03072299578059073,-0.07185501460564753,-0.11452335280753008,-0.13972346640701064,-0.15567818889970783,-0.16000004868549175,-0.19036045115222328,-0.18437104836092175,-0.142636806231743,-0.15341658552418044,-0.23763583252190856,-0.225731564427134,-0.146937211944174,-0.20759427134047376,-0.1799647030185005,-0.08618149951314508,-0.1335817753975982,-0.057431467056150605,-0.08792546251217143,0.03632517039922102,0.029764345991561168,-0.00770155793573515,0.012379454722492696,-0.004273515092502433,0.014533138591366436,0.019517396949042524,-0.03612078870496593,0.00964470950989938,0.016448993833171045,-0.03252713404738721,-0.022994936708860776,-0.007726647192469969,-0.043447646867900015,-0.048744985394352486,-0.014919831223628699,0.008169393054203172,-0.004356199285946127,0.007198101265822785,0.02901991236611489,-0.0189234988640052,-7.779941577410318e-05,0.005686562804284323,0.04753205128205127,0.014737520285621548,-0.03803432327166504,-0.0146788218111003,-0.05198382018825056,0.05557335280753004,0.03954263226225251,-0.019152336903602726,0.00012964946445958743,-0.01563620577734501,0.08240368386887377,0.002815173644920483,-0.18316945796819223,0.014466471924699771,0.03397013956507627,0.10827646867900032,-0.053531191171697474,0.032925965595585846,0.07611942551119763,0.00820598831548196,-0.09321411879259985,0.06057632262252518,-0.1460835929892892,-0.13430701071080822,-0.1063126095423564,0.038238218111002927,-0.011592437520285616
15,0.09101178188899708,0.09566953911067834,0.07775394352482962,0.0586502758844531,0.11433419344368712,0.08233969490425187,0.04634827977929244,0.07687244401168451,0.13569735475494968,0.02815139565076275,0.13083107757221685,0.1769908795845505,0.13447609542356376,0.18428188899707887,0.1303323271665044,0.1710874066861408,0.1654413502109705,0.13791723466407013,0.1673781077572217,0.1928831872768582,0.1586236449204804,0.13676228497241147,0.14825235313209997,0.17728760142810773,0.17882156767283347,0.14039672184355723,0.15506927945472254,0.12955097370983443,0.16636700746510874,0.1786950016228497,0.13755976955533916,0.09709686790003248,0.1445866439467705,0.13366507627393695,0.1517177539759818,0.16835313209996752,0.1867822622525154,-0.03179543979227523,-0.013513145082765328,-0.04795821161960405,-0.006988737422914642,-0.018569165855241813,-0.03275175267770205,-0.00939063615709186,-0.02694719246997728,-0.019966780266147347,-0.03429186952288218,-0.0416599805258033,-0.027897062641999357,-0.052253326841934435,-0.07739183706588772,-0.1425194579681922,-0.18474556962025313,-0.19979938331710484,-0.20182749107432657,-0.20817663096397268,-0.19661394027913015,-0.19512171372930867,-0.16995460889321648,-0.2871988153197015,-0.22112508925673477,-0.14733072054527752,-0.21169256734826364,-0.17816384290814677,-0.08773416098669265,-0.09717284972411555,-0.0814726712106459,-0.14999962674456344,0.01175647517039922,0.006255404089581308,0.00401131126257707,0.0017769717624148023,-0.00018716325868224496,0.005374651087309313,0.010529032781564435,-0.022945098993833176,-0.0005856540084388182,0.010945098993833169,-0.038669555339175585,-0.02585503083414479,-0.011216439467705288,-0.03401314508276534,-0.044382521908471285,-0.0050369198312236255,0.015436936059720864,-0.00396890619928595,0.009570155793573513,0.004095131450827647,-0.010425008114248615,0.008701314508276527,0.0027368224602401818,0.019321794871794872,0.040618078545926646,-0.04437223304122039,-0.06126317753975984,-0.04047875689711134,0.05370663745537163,0.04322771827328791,-0.03141572541382667,0.005267705290490088,0.013475462512171375,0.09101178188899708,0.013676598506978253,-0.18504709509899384,0.05318747160012984,0.035278123985718925,0.11389042518662776,-0.041572444011684515,0.03164566699123661,0.07435227198961378,0.008526273937033459,-0.06975061668289513,0.06773615709185331,-0.21547396949042527,-0.131670253164557,-0.08348557286595262,0.0004971600129828058,0.006880963972736122
