,0,1,2,3,4,5,6,7,8,9,10,11,12,13,14,15,16,17,18,19,20,21,22,23,24,25,26,27,28,29,30,31,32,33,34,35,36,37,38,39,40,41,42,43,44,45,46,47,48,49,50,51,52,53,54,55,56,57,58,59,60,61,62,63,64,65,66,67,68,69,70,71,72,73,74,75,76,77,78,79,80,81,82,83,84,85,86,87,88,89,90,91,92,93,94,95,96,97,98,99,100,101,102,103,104,105,106,107,108,109,110,111,112,113,114,115,116,117,118,119,120,121,122,123,124,125,126,127
0,7.422674337981826,0.00031464162527363755,0.0021109013448240427,0.0030761594698775468,0.003744210494651065,-0.001530773932872473,-0.0020477803170610358,-0.005460614657925268,3.4704128156215956,0.0003409412455970405,0.000995249627500015,0.0015067143898383015,0.0018247897618115438,-0.0006747252029011956,-0.0008139395655906237,-0.0021241949786111342,0.7369855075358113,0.0003233779321563027,5.7432715640342736e-05,-0.00012284286462501063,-0.0004322818625653694,-0.00014485102556705107,-0.0001671273724844952,0.00010143890932935078,0.7215441354706997,0.0003019624023914935,5.581098245935881e-05,-0.00013937301174266295,-0.0006575550760483565,-0.00014093865703547362,-0.00014358292741917619,0.0003122495016873737,0.24127018629070887,0.00012504522831656878,6.390994493521234e-05,0.00013661946427962602,9.889690888143307e-05,-5.7890685649585214e-05,-7.281717644535256e-05,9.827013516256737e-05,0.21040843553032584,-0.0007870921494561123,4.878326349431233e-05,8.467915607802889e-05,3.0393966503077622e-05,-4.9461411075252376e-05,-5.88963237972451e-05,9.243814957442717e-05,0.9371000308928608,0.00010997331906288276,0.0001407489862916132,-8.917898863889873e-05,-0.0003284423320618372,-0.00023125865045772365,-0.0003198986790936678,0.0001012870745642333,0.9730115234595021,-0.00013133895812610124,0.00014757910290142832,-9.000000453994735e-05,-0.0003603928278196229,-0.00024718262429699445,-0.000352358374408431,0.00020860648312889793,3.591446877816208,0.0004550775531260331,0.0010405529798673506,0.0015606128324540266,0.002200185544528043,-0.0006601654053414173,-0.0009069720125262787,-0.003747205293278849,3.9188807904561,0.0005413013687630754,0.0010990006047728988,0.0015739035711545737,0.00218171817401173,-0.000707807277500931,-0.0009383029528679306,-0.0032966300240497193,0.7932496074393758,0.00031319640206795436,8.479834159555028e-05,1.3956915307227245e-05,-1.639188779249244e-05,-0.00017015466303202815,-0.00022859335425664976,-0.000245201121718087,0.6616374251255656,0.0003343159435545928,6.960121904844624e-05,-2.8489808655141846e-05,-8.195900499217989e-05,-0.0001349640621676972,-0.00017830281822933704,-0.00019739982907402307,0.20985280769426523,0.0001431494461734948,2.9443822557786586e-05,6.116102271404299e-06,-1.5897013899442663e-05,-5.361136818038368e-05,-8.356670797555496e-05,-3.451015255302381e-05,0.19430004520685093,0.00013358179531711357,1.5870234113825198e-05,-3.853319378741089e-05,-6.78247148225023e-05,-4.5628939332108066e-05,-6.329749387202932e-05,-2.1437819266566295e-05,1.083151945262075,0.00038199739042172546,0.00017264681070255607,9.030942086802913e-06,-0.00010307738157376464,-0.000289418199624811,-0.0004744938698997332,-0.00047036215571419045,0.9625894335344387,0.0003656001527467362,0.00016850189125631424,5.260603592334786e-05,-2.6748643982691617e-05,-0.00025626375331602995,-0.0004067725987047678,-0.0003908882964409883
1,0.00031464162527363755,2.6199964997153566e-06,1.1320731043634159e-07,1.57178195402499e-07,-3.1308088142293e-07,-1.0579433533574701e-07,-6.438953389364645e-08,1.1863228474164054e-06,0.001133260270523504,1.153561095037619e-06,3.8037421169792697e-07,5.901309647363546e-07,1.4585388902170328e-07,-2.2302690502665436e-07,-2.419116814905646e-07,5.073802349194725e-07,0.00040430433937912764,8.503341179531593e-08,1.944091092429384e-07,7.503158899149365e-07,3.798386638277223e-07,-1.132028851137807e-07,-1.5772895069159637e-07,-1.6197905962363095e-07,0.00040706957600666205,2.3049230550812082e-07,2.1184678317545357e-07,7.791189559553638e-07,3.2288990772510026e-06,-1.120409445540833e-07,-3.7515122352260065e-07,-2.712480275693315e-06,0.00012404225214227512,4.2425062860036886e-07,6.206643714645941e-08,2.577533491576923e-07,7.01913031499714e-07,-2.5178305447733275e-08,-3.344667952741197e-08,7.469760431114531e-10,0.000126781079464698,3.391571066733984e-05,5.8084099329175315e-08,2.4248381148155506e-07,6.429410414694117e-07,-2.5364393930062363e-08,-3.224824200787841e-08,1.3316175072813622e-09,0.0005512548357024239,9.052584721232722e-06,2.415709818049443e-07,6.113278238846613e-07,9.987171901558525e-07,-1.442207977105919e-07,-2.1746272612543653e-07,-2.1591041900572665e-07,0.0005733036387510519,1.7758732994447218e-05,2.57177853403226e-07,6.612558532449651e-07,1.007980302230483e-06,-1.5534228861215696e-07,-2.47777220300295e-07,-2.9528653958591364e-07,0.0008029534432338079,6.907977503760405e-07,2.6504681324490135e-07,3.579749892481473e-07,-2.114636012334365e-07,-1.7520356564601373e-07,-1.4945797797263516e-07,1.1297609538397068e-06,0.0009387065893550694,6.512618083825296e-07,2.5809114254752026e-07,3.295359656605808e-07,-1.3718930384075075e-07,-1.9316954014029116e-07,-1.8405114315638547e-07,7.349631487289698e-07,0.0004979595932047406,1.3578532429856525e-07,2.0451064004568003e-07,4.3672699496838987e-07,4.436293015438564e-07,-1.2845306237779271e-07,-1.7820175479408122e-07,-1.6846389410848997e-07,0.00038621652860035955,1.2268181843115797e-07,1.589058187785083e-07,3.3951424953972337e-07,3.2985457439524005e-07,-1.0369061018676544e-07,-1.425487107173824e-07,-1.179373327271528e-07,0.00016765142043431448,6.980622405443555e-08,7.159770431575869e-08,2.5667724964997425e-07,4.420098194390218e-07,-3.480918338887047e-08,-5.108923005350877e-08,-6.2945139839876e-09,0.0001849500842423024,7.153321526579881e-08,7.425837336190101e-08,2.659017531125953e-07,4.5861637947200144e-07,-3.780867749566855e-08,-5.2308966711085216e-08,-1.3362181307310024e-08,0.0006407561096296312,1.7676575581153318e-07,2.950335850630842e-07,7.149206075252202e-07,8.84705512192067e-07,-1.7567860975743436e-07,-2.8811965244478793e-07,-2.96447881086941e-07,0.000589971721247452,1.7272136915775599e-07,2.65171570380058e-07,8.56762799748021e-07,6.683250780919589e-07,-1.5138506048989488e-07,-2.3537153794566711e-07,-2.397189005554821e-07
2,0.0021109013448240427,1.1320731043634159e-07,6.45502963411097e-07,9.807265305493835e-07,1.198528857255023e-06,-4.603318824306102e-07,-6.449578244823818e-07,-1.6254065731122936e-06,0.0009421874615891758,1.1066758135000602e-07,2.914571106501404e-07,4.616013471182314e-07,5.418352022428959e-07,-1.9464178246040146e-07,-2.444993194921687e-07,-5.938288304082171e-07,0.0002623601661431872,9.11915292267735e-08,4.695637887910225e-08,4.136042091524513e-08,-3.62215634272142e-09,-5.501828292640705e-08,-7.133859576378443e-08,-4.581994052347366e-08,0.0002590325446315378,8.582736720185539e-08,4.6108488391904306e-08,3.9472151732901706e-08,-3.439720794001985e-08,-5.378685730428829e-08,-6.752520123856735e-08,-1.476590909588539e-08,6.450082670390279e-05,2.9621631417948685e-08,1.9633696074133883e-08,4.646924871549035e-08,4.267317594993861e-08,-1.516951235620292e-08,-1.9873172671794295e-08,1.4548522543949327e-08,5.957607829554578e-05,5.835411307316632e-09,1.6710304777709805e-08,3.7418673842002284e-08,3.04816480793339e-08,-1.3663210849000956e-08,-1.7019587353697983e-08,1.2867172660684047e-08,0.0003343495259285073,9.120658920735271e-08,8.339044265640589e-08,9.095827501075072e-08,5.574884196907273e-08,-8.158109580281803e-08,-1.1975564786783435e-07,-7.11852582124378e-08,0.00035099564700292747,8.387569900594016e-08,8.906955709963978e-08,1.0274901965795291e-07,6.499354119452134e-08,-8.825643401404855e-08,-1.3439410141728274e-07,-6.805699118161254e-08,0.000902114978209543,1.3604327340827066e-07,2.782760317037445e-07,4.252804041177615e-07,5.386894353426411e-07,-1.7330616890616546e-07,-2.303327389203386e-07,-7.652264931169169e-07,0.0009868749373954273,1.5221004375074034e-07,2.867889428572778e-07,4.165951531276683e-07,5.295217274525743e-07,-1.8343975754996348e-07,-2.3807790668349052e-07,-7.20354718407363e-07,0.00029370696285088287,8.822626928872605e-08,5.863860051373433e-08,7.208169872156822e-08,6.601027284902872e-08,-6.543327107085229e-08,-9.036732859321937e-08,-1.1695899866224035e-07,0.000237617639083113,9.390897190245917e-08,4.537792167739291e-08,4.4019831073517585e-08,3.171865349173973e-08,-5.079946661418766e-08,-6.867704126825469e-08,-8.633393960921345e-08,7.254714690011254e-05,3.25540296203976e-08,1.9270233623657367e-08,4.2975463276838675e-08,4.5346323494186346e-08,-1.756306233038965e-08,-2.737489985225764e-08,-1.641375141313873e-08,7.220074771026777e-05,3.1877676714818805e-08,1.676484246252387e-08,3.283631262022078e-08,3.15442079534885e-08,-1.6336028904473038e-08,-2.2899104826587017e-08,-1.2782693797682224e-08,0.0003920635977103016,1.0452451215980787e-07,9.953911141297804e-08,1.2524031264134746e-07,1.1622777560414044e-07,-1.0146316719845288e-07,-1.6678069060176527e-07,-2.0608870228318746e-07,0.0003481061143793672,9.914896278452815e-08,9.110748683133964e-08,1.194450750367976e-07,1.1003276303307926e-07,-8.877194926994382e-08,-1.4065838224534883e-07,-1.698063013054144e-07
3,0.0030761594698775468,1.57178195402499e-07,9.807265305493835e-07,1.5745201600011723e-06,2.0536375563790155e-06,-6.901291760721517e-07,-1.0077878141098673e-06,-2.659856526641964e-06,0.0013369699487568462,1.494236541461559e-07,4.2960255361362463e-07,7.170932907155608e-07,8.712453005778782e-07,-2.8738970870932824e-07,-3.8460309036742926e-07,-1.0588713831823319e-06,0.0004354121595878542,1.3167732689701712e-07,1.0292277710241502e-07,1.4387469481218324e-07,2.3793918937820981e-07,-9.396855048772085e-08,-1.3345373543908898e-07,-1.7313136378716904e-07,0.00043096437647301985,1.2461670859873764e-07,1.003794492694155e-07,1.5704139479804118e-07,2.4357291023937064e-07,-9.214462588554726e-08,-1.334180614605084e-07,-1.7094947692284484e-07,8.563249365557835e-05,3.418202097143511e-08,2.7848868581794014e-08,6.48917376817546e-08,6.23766403219411e-08,-1.9948843326361164e-08,-2.778027611774298e-08,2.0163993678338481e-10,8.396697748144193e-05,1.240275611219117e-07,2.578795347538014e-08,6.044317635567904e-08,5.600478324943844e-08,-1.9150806661411035e-08,-2.5593913726132576e-08,-2.2839456385962954e-09,0.00055224613645235,1.6349235595220186e-07,1.6584043332406416e-07,2.4494216811894984e-07,2.399287683804784e-07,-1.3385683317585329e-07,-2.1039828555424672e-07,-2.7118869746802903e-07,0.0005835656148173059,1.8525390402693993e-07,1.7838588520652744e-07,2.733480418865992e-07,2.7140810199661427e-07,-1.4591122981981113e-07,-2.382460700840648e-07,-3.221962752702049e-07,0.0012039178870670516,1.8637079990789913e-07,3.876354488044714e-07,6.184220360646886e-07,7.620136397306105e-07,-2.3582797729164957e-07,-3.137588031558724e-07,-9.454294294168929e-07,0.0013414508825683304,2.001126054181512e-07,3.99266896327205e-07,6.020661858350831e-07,7.522977249739756e-07,-2.5142865137817247e-07,-3.275811210658499e-07,-9.57766976553287e-07,0.000500030871274491,1.2700871085587619e-07,1.2239282015637442e-07,1.7360527951084928e-07,1.7907477142844824e-07,-1.1336355777505026e-07,-1.638020815436407e-07,-2.5911480690988905e-07,0.00039745175502662634,1.3518786258977214e-07,9.291246697512651e-08,1.155918153120315e-07,1.1379196462141968e-07,-8.681026557656118e-08,-1.222905925187217e-07,-1.841418994887156e-07,0.00011592423836616033,3.5887634988903494e-08,3.783684512118989e-08,9.728130857029527e-08,1.0583588074499157e-07,-2.7510148657463404e-08,-4.4892308983697804e-08,-4.746878861806624e-08,0.0001205879377085012,3.7800723114870184e-08,3.6153775609287923e-08,8.71991427281854e-08,8.954932747306946e-08,-2.7139103957587306e-08,-4.014145989964105e-08,-4.063026895426154e-08,0.0006571790893152461,1.4830551996673697e-07,1.987964068490794e-07,3.027152033340217e-07,3.3183584675734e-07,-1.6707894061343863e-07,-2.843260345996022e-07,-4.513532060652468e-07,0.0005805892146552509,1.395382293380534e-07,1.775664957159875e-07,2.7391060776528217e-07,2.807861688963576e-07,-1.4468104224172646e-07,-2.3854537491997284e-07,-3.738457545450062e-07
4,0.003744210494651065,-3.1308088142293e-07,1.198528857255023e-06,2.0536375563790155e-06,4.135872602390293e-06,-7.71406647501013e-07,-1.2529872553948103e-06,-5.038078843040645e-06,0.0012398004225539728,-2.6759483569668173e-07,3.79393380968813e-07,6.70063197977321e-07,1.5832956120192794e-06,-2.7963406660818443e-07,-4.6170824422090863e-07,-2.725587954014259e-06,0.0003834726352014797,8.979772897308347e-08,8.510555402631417e-08,6.8874155990001e-08,9.34437635954062e-07,-7.616049341686913e-08,-1.280577101338472e-07,-2.837617878779066e-07,0.00038945465194766617,8.674772929938734e-08,7.834102657044147e-08,1.957417970732641e-07,1.2887273738660125e-06,-7.931876007573952e-08,-1.596407979550364e-07,-4.3794258474678847e-07,5.695185059766527e-05,1.1503837913113559e-08,7.975071444018999e-09,-2.6671890533505796e-08,-2.34715959247552e-08,-1.666497287263313e-08,-2.7578869952369944e-08,-4.203056460776403e-08,4.5570655606233844e-05,-9.952332612875752e-08,3.880557848131876e-09,-3.023066623266996e-08,-2.7789600496281326e-08,-1.388271157733004e-08,-2.368445589333352e-08,-4.443829508813824e-08,0.0004941909361661528,5.166061173953582e-08,1.2035980695910698e-07,4.5021685995210926e-08,1.6618140397728933e-07,-1.207107791981578e-07,-2.119626647937482e-07,-4.2680376207473157e-07,0.0005212378659279739,2.2724535976130877e-08,1.2686823653740723e-07,4.032912073990664e-08,1.8363744845697033e-07,-1.3028337623639865e-07,-2.3119782491567457e-07,-4.473609438145766e-07,0.00149152294690475,-1.4929793613813148e-07,4.6417933666947636e-07,7.954247507752257e-07,1.8318336558924218e-06,-2.4309918760361263e-07,-4.324053377977983e-07,-3.1854142842639564e-06,0.0013977131089999146,-1.1900143803990648e-07,4.280029052016723e-07,6.997023546196783e-07,1.5968028565075304e-06,-2.1334987434241366e-07,-3.6359736826700224e-07,-2.554037893339259e-06,0.0004630895066587107,7.637965118015774e-08,8.387702706336141e-08,5.39951783941502e-08,2.0917794323840854e-07,-1.0080180910308973e-07,-1.5798442521089913e-07,-3.831036661785551e-07,0.0003868774107170911,8.566835594816611e-08,6.728453856315706e-08,2.6771946243373175e-08,1.9322627744337938e-07,-7.938802344271561e-08,-1.2292302090174735e-07,-3.0174124941716625e-07,7.433154733031878e-05,8.281781520924305e-09,1.0949441480187245e-08,-1.804225104881531e-08,1.9954697590475426e-09,-2.214462116516247e-08,-4.233902181730037e-08,-1.0642179691127669e-07,6.555761614434645e-05,9.630058179106053e-09,5.215855902806681e-09,-3.120624252382448e-08,-1.5982747311284304e-08,-1.927118335993312e-08,-3.487718432045206e-08,-9.194008632515562e-08,0.0006157188315367452,7.647599995476948e-08,1.513194450200696e-07,8.613190838808218e-08,3.3265148790757785e-07,-1.538870952482282e-07,-2.8218238712072933e-07,-6.1258536664467e-07,0.0005252816512616015,6.788143611677825e-08,1.3522365241945805e-07,9.165864009783973e-08,2.1749611590183082e-07,-1.333108846552207e-07,-2.4259015534913897e-07,-5.157013937728672e-07
5,-0.001530773932872473,-1.0579433533574701e-07,-4.603318824306102e-07,-6.901291760721517e-07,-7.71406647501013e-07,3.9185457808524676e-07,5.742136868668093e-07,1.5961314653080955e-06,-0.000705572121963813,-1.0095624683389827e-07,-2.1427267067799624e-07,-3.3329601549988157e-07,-3.2853748182884495e-07,1.763321283549232e-07,2.389474448363189e-07,7.207489732760921e-07,-0.00020013887242273853,-6.925688206588788e-08,-3.797196899136013e-08,-3.4599647413313785e-08,1.1736280360250775e-08,5.1429654390543155e-08,7.136029561453215e-08,7.805931588897739e-08,-0.00019774859614746126,-6.462639104681504e-08,-3.722230793345637e-08,-3.500338256757821e-08,2.917059233510285e-08,5.084310242237566e-08,6.92592797146422e-08,5.8571326779845275e-08,-5.014801525522847e-05,-2.106835083826282e-08,-1.503142841353457e-08,-3.532046404398254e-08,-2.679418048176737e-08,1.3483053547404807e-08,2.0008018753693148e-08,6.613430906034921e-09,-4.744398535551561e-05,1.988167835064659e-07,-1.3345535797383658e-08,-3.026891251008979e-08,-2.0126783984514857e-08,1.2120093620826499e-08,1.672954523988994e-08,1.3840160684516356e-09,-0.00025895406084292286,-1.681704774398361e-08,-6.519032755075065e-08,-7.739052779802422e-08,-4.657070792098205e-08,7.738436272723226e-08,1.2181863832741542e-07,1.348025368752555e-07,-0.00027170124969552533,4.1311969025712155e-08,-6.934632656218362e-08,-8.665339383472875e-08,-5.533461669691894e-08,8.309633858345076e-08,1.3476870788520671e-07,1.4966919466025356e-07,-0.0006600052329545889,-1.2155931925672034e-07,-1.993941074283309e-07,-2.9641638018038985e-07,-3.036374087494527e-07,1.724526918268623e-07,2.4167145056286677e-07,9.131739561868101e-07,-0.0007305963795520168,-1.3268255751078676e-07,-2.0611989943285893e-07,-2.922003736460246e-07,-3.0808868168447015e-07,1.7933497454253722e-07,2.434730303133121e-07,8.290566443386606e-07,-0.000225963437797788,-6.802883988881608e-08,-4.7615017546726444e-08,-6.12284886196402e-08,-4.850817065852077e-08,6.053581840090158e-08,8.759194366655335e-08,1.3925499701665447e-07,-0.00018089292590400263,-7.201522472207083e-08,-3.6438610819698136e-08,-3.799997866169175e-08,-2.138641055402712e-08,4.7579397080590145e-08,6.756264828421524e-08,1.0368105633092039e-07,-5.923999403856711e-05,-2.539005892178727e-08,-1.5927947766240223e-08,-3.634512882990601e-08,-3.229575480882044e-08,1.6259913614804134e-08,2.6983103490535382e-08,3.014820135884056e-08,-5.999781671986306e-05,-2.4989086404719182e-08,-1.4737200418546204e-08,-3.0616280624537943e-08,-2.5209224935184132e-08,1.516042427955613e-08,2.308168908307367e-08,2.5451866933473757e-08,-0.0003033696315738823,-8.133412570410294e-08,-7.781789679427974e-08,-9.869276253705587e-08,-8.05294188480982e-08,9.541800437151497e-08,1.6305621277998418e-07,2.5316811833068064e-07,-0.0002718207761533434,-7.743615889512499e-08,-7.1430184638379e-08,-9.173030057540128e-08,-7.789671318407248e-08,8.353412036726156e-08,1.3973148045273659e-07,2.1311092464208467e-07
6,-0.0020477803170610358,-6.438953389364645e-08,-6.449578244823818e-07,-1.0077878141098673e-06,-1.2529872553948103e-06,5.742136868668093e-07,1.1100483850141292e-06,3.6259265362277024e-06,-0.0008313226474736979,-6.014653265831492e-08,-2.5817541033389814e-07,-4.2472376704674506e-07,-5.322657468788282e-07,2.4128656563806525e-07,4.0345209530715565e-07,1.8300744905958803e-06,-0.00028201342203483423,-7.897138141622124e-08,-6.54481576635739e-08,-8.391958405455735e-08,-9.427259082387464e-08,7.852415407018667e-08,1.3343014608218348e-07,2.8686284172734825e-07,-0.00028077346048581994,-7.589883325297445e-08,-6.566927518315504e-08,-1.17708024086868e-07,-2.704705909794758e-07,7.967120455405979e-08,1.5233490211920875e-07,4.5167351806249697e-07,-5.368904514758544e-05,-1.9420623028369143e-08,-1.50370218775614e-08,-2.6216433383828672e-08,-1.7900099610283566e-08,1.6684685624407776e-08,3.848018731184778e-08,1.3028274113835282e-07,-5.0928768252982394e-05,2.93928516160024e-07,-1.3555649604960956e-08,-2.6371853830835115e-08,-2.0346963923765928e-08,1.4297232576496345e-08,2.7955140586584417e-08,7.656701978004097e-08,-0.00036511572468588536,-2.0729403652324886e-09,-1.0658076074091333e-07,-1.6328433630639468e-07,-1.5982080863110977e-07,1.1579881540850911e-07,2.180454948308387e-07,5.021380451689023e-07,-0.0003857142799036361,8.016454079771935e-08,-1.1356236196064926e-07,-1.7855031211197348e-07,-1.7960055496936353e-07,1.2491675936604723e-07,2.4214913947185064e-07,6.200510194829078e-07,-0.0007987584071411703,-9.908742373259273e-08,-2.435345042279439e-07,-3.7636696827109384e-07,-4.654530128983705e-07,2.3133296328485522e-07,3.679361710283341e-07,1.846945748415172e-06,-0.0008096825965400621,-1.0841663094636999e-07,-2.292246449253089e-07,-3.370532249534985e-07,-4.164374031795098e-07,2.2258194182842398e-07,3.418393825724755e-07,1.602546049846917e-06,-0.0003254983273569533,-7.63661359936312e-08,-7.921272729064225e-08,-1.1839568699204923e-07,-1.1593626788162031e-07,9.30671979727023e-08,1.5523714345978507e-07,3.742393076963574e-07,-0.0002588879999490002,-8.116704987281709e-08,-6.016508572510462e-08,-7.924334318910613e-08,-7.064036142329405e-08,7.30742978268126e-08,1.1963404987717942e-07,2.796067019082082e-07,-7.914084097412133e-05,-2.496155658083835e-08,-2.4325251337379925e-08,-5.815581951444997e-08,-6.22377787930749e-08,2.2691478632462238e-08,4.637526081011948e-08,1.2877895834652806e-07,-8.03823224722718e-05,-2.54396500707834e-08,-2.337592949452003e-08,-5.333738500897993e-08,-5.552848731664626e-08,2.142251064588753e-08,4.097929503967121e-08,1.1060704969012855e-07,-0.0004410407051539394,-9.001098348472714e-08,-1.300452228283625e-07,-1.882222439442037e-07,-1.8261335668670953e-07,1.434521782036722e-07,2.777304390996515e-07,6.846362136440823e-07,-0.0003902183902566807,-8.443303745153557e-08,-1.1649946429685975e-07,-1.6748870235827633e-07,-1.661227085389933e-07,1.2445905014163461e-07,2.4140834900601127e-07,5.740502842481195e-07
7,-0.005460614657925268,1.1863228474164054e-06,-1.6254065731122936e-06,-2.659856526641964e-06,-5.038078843040645e-06,1.5961314653080955e-06,3.6259265362277024e-06,2.4542635690033344e-05,-0.0014341348491551742,1.057350530278098e-06,-4.004486531447649e-07,-8.670039354553009e-07,-3.0418820968703644e-06,7.092621206024905e-07,1.8491421254454428e-06,1.647596398308951e-05,-0.0002346218820922174,-1.0115727552512407e-07,7.311451446314684e-08,3.925183914441472e-07,2.2286173731487799e-07,1.4006832640176348e-07,4.330048523154685e-07,1.728537986340919e-06,-0.0002323734541310577,-1.070380507752936e-07,6.317678187191818e-08,2.2562213783717348e-07,-6.08155622476622e-07,1.5128481114704703e-07,5.201155128242952e-07,2.4971703555851983e-06,-7.905169418502431e-05,-3.5300958226997543e-08,8.794697437197644e-09,1.6869230296097944e-07,1.7487203556390144e-07,5.415379240828396e-08,1.8167860953345432e-07,9.342523839153638e-07,-2.6823101792410757e-05,5.315828375190573e-07,2.4761458915304365e-08,1.917276979460595e-07,2.02730303492795e-07,3.352198106735733e-08,1.2138004234889198e-07,6.41328650797584e-07,-0.0003199177825939493,7.070115889845447e-08,2.997719041130793e-08,5.150272836777201e-07,5.808197694149988e-07,2.7040566717050837e-07,8.569371022925739e-07,3.666644760593477e-06,-0.00033724633664153076,2.1641581604954035e-07,3.830794524721999e-08,6.217331121443388e-07,7.100955919480688e-07,2.8361573267336305e-07,9.151607318211792e-07,4.5903492072583885e-06,-0.0027528298861953042,7.838171272081314e-07,-8.48669460884978e-07,-1.5617899166009058e-06,-4.37894852544626e-06,9.092510698575779e-07,2.0883142491400555e-06,1.92228985165208e-05,-0.0022726121556400675,6.938146160446556e-07,-7.510813544971343e-07,-1.3214978782272531e-06,-3.7724565030958373e-06,7.839740401656235e-07,1.7478714978092443e-06,1.554542137726406e-05,-0.00023947266356717973,-8.374925543001035e-08,8.089494773764246e-08,2.857193218528288e-07,1.0524693763420091e-07,1.6459677372648737e-07,5.154803892402097e-07,2.61827598466978e-06,-0.0002712756594736509,-8.922690387042274e-08,3.9907659545954196e-08,2.0226494251174313e-07,5.5008093192133005e-08,1.464422243307643e-07,4.1770259895574903e-07,2.0460719618785794e-06,-3.178434319016341e-05,-3.55964367271624e-08,3.941875664491124e-08,2.8864974861180736e-07,2.461102818089388e-07,4.8225531905658834e-08,1.9928128618213165e-07,1.251875692265056e-06,3.1196563136334335e-05,-2.121522476125017e-08,6.2653415362485e-08,3.1896680612149556e-07,2.6731794505327953e-07,2.8130200807934706e-08,1.5780476195832202e-07,1.056974480914894e-06,-0.0005404768323694258,-8.356267632474111e-08,-3.3742750379747865e-08,4.688636258711787e-07,4.869793690151775e-07,3.6260127848593577e-07,1.1005933392750068e-06,5.15235090812997e-06,-0.00042332881662246615,-7.32392356958785e-08,-4.155768711963701e-08,3.238181633133732e-07,3.1141662643812616e-07,3.188564961836527e-07,1.043668601836461e-06,4.375434378780945e-06
8,3.4704128156215956,0.001133260270523504,0.0009421874615891758,0.0013369699487568462,0.0012398004225539728,-0.000705572121963813,-0.0008313226474736979,-0.0014341348491551742,3.8401687003612905,0.0008803861079015106,0.0011305452714024048,0.0017141068133796936,0.0016948094042655297,-0.0008000969786691447,-0.000990956756522,-0.0018592567542314617,0.9148155049830274,0.00027317222541158455,0.00023041299479731098,0.0003715574123788465,0.0003015411749067719,-0.00024365675034920006,-0.0003457978490450942,-0.00040449725302619865,0.9014804616447276,0.0002538560081564492,0.00022676230806462278,0.00035054511969837774,0.00018166087112214712,-0.00023777565353198403,-0.00032661052266816327,-0.0003144646472339687,0.27157653075495314,0.000152200350790484,8.647828760616167e-05,0.0001713090427348928,0.0001675277135429986,-6.5783370017851e-05,-9.333578523312977e-05,-2.34530865427817e-05,0.24399087761253943,-3.4785605590066687e-05,7.005971199131274e-05,0.00013919988213621567,0.000128188688678673,-5.7735069885868524e-05,-7.976332625334995e-05,-1.4206179412116314e-05,1.1888256408211888,0.00027637860196392774,0.00033999867125541913,0.0004975379120177603,0.0004751913436088637,-0.0003424434097505973,-0.0005436105971878906,-0.0005631469451740327,1.2288047990716968,0.00022379421436187775,0.00034939139182498267,0.0005021739799128294,0.0004719320325730331,-0.00036194912203125747,-0.0005913187329095686,-0.0006028750973326026,3.8261690195810933,0.0007510300236889371,0.0011113319520339796,0.001613919598910786,0.0016821793072862713,-0.0007469740176019498,-0.0009550873722508834,-0.0024399417863421365,3.7378924790498704,0.0007180140893617494,0.0010083062340291882,0.0013952582713760188,0.0014572126535682948,-0.0007153621140580954,-0.0008975196268334131,-0.0020013356343093363,1.076432095236416,0.0003104493663634497,0.0002876146175625755,0.00045714070824827836,0.00045770003524545864,-0.00028093834058539333,-0.00040283715923742557,-0.0005319987298821415,0.8685555855878178,0.00029177530953565224,0.00023181760616869916,0.0003626259073385943,0.0003595244858887853,-0.00023056762414913257,-0.00033025838714202877,-0.00043029256515065466,0.31910688652353664,0.00016779549802942325,8.395352965878214e-05,0.00015588670993945642,0.00015333076124736722,-7.829791776508699e-05,-0.0001231617581821512,-8.192631423341108e-05,0.317963975695805,0.00016201399567021844,7.943496919444518e-05,0.00015480049461213133,0.00015760417864936293,-7.55010839226032e-05,-0.00011236179610124687,-7.555682128750004e-05,1.4337428614690704,0.0003906001578624044,0.0004434816693215032,0.000627676545468434,0.0006108431733905883,-0.0004262744208406457,-0.0007310253139365145,-0.0009272920370415197,1.2764596893725644,0.00037950633099396037,0.00039415098982314024,0.0005918435979466251,0.0005819231280104223,-0.0003688360418931053,-0.0006115871779968203,-0.0007767398826533625
9,0.0003409412455970405,1.153561095037619e-06,1.1066758135000602e-07,1.494236541461559e-07,-2.6759483569668173e-07,-1.0095624683389827e-07,-6.014653265831492e-08,1.057350530278098e-06,0.0008803861079015106,7.682086576592658e-07,2.9646108805200864e-07,4.598529218908524e-07,4.928691253305784e-08,-1.6249802813381215e-07,-1.6046184164757276e-07,6.062337413753925e-07,0.00030590297892579214,8.647456568005113e-08,1.238570499016926e-07,3.5114505680721676e-07,2.578152284349016e-07,-7.839260944946576e-08,-1.0438861335174954e-07,-7.34997479718947e-08,0.00030414578288442197,1.1275578501411282e-07,1.2666250312467907e-07,3.594364711123282e-07,8.604853437179087e-07,-7.639214360744612e-08,-1.469635786600704e-07,-6.088366606951291e-07,9.669590680078748e-05,1.2560729549006815e-07,4.530378007642836e-08,1.6157060308407818e-07,2.6919818888026035e-07,-1.8853299245325272e-08,-2.3266104307644416e-08,1.687894363068763e-08,9.760302504433045e-05,7.278089659541548e-06,4.2013609129902024e-08,1.485114282376038e-07,2.448492379183856e-07,-1.8660417590751618e-08,-2.1712301232842925e-08,1.4949639892039416e-08,0.00041979488579490615,2.0195805363803676e-06,1.696645592970303e-07,4.226754012498488e-07,5.194831224686905e-07,-1.0369212775591228e-07,-1.4786120128722818e-07,-9.774464681025542e-08,0.0004372367567714491,3.877407088052614e-06,1.8201551930524543e-07,4.7187342805565086e-07,5.702309514749429e-07,-1.126738717853587e-07,-1.731583156067336e-07,-1.5110740188033778e-07,0.0006020816866238797,5.747753506288342e-07,1.9712358296721157e-07,2.597764959037675e-07,-2.452027509473632e-07,-1.2932223316578372e-07,-9.829289637217835e-08,1.0588073628498031e-06,0.000728152976189779,5.535556573438684e-07,1.9783739494862118e-07,2.474924779786937e-07,-1.6519274824976598e-07,-1.4903023583394662e-07,-1.34619683696912e-07,6.989886058544042e-07,0.0003629793583401822,1.0819204481027394e-07,1.3994083955290186e-07,3.00188448278249e-07,2.848671802507554e-07,-8.99703309071417e-08,-1.2141145395911396e-07,-9.306025432886176e-08,0.00028159789101341525,1.0223356285258688e-07,1.0808885141950504e-07,2.2958029157553638e-07,2.1025556869533419e-07,-7.153496133278178e-08,-9.484194365717123e-08,-5.586782918629855e-08,0.0001272412256803842,5.8759772773397976e-08,5.347831704943094e-08,1.8313172988003213e-07,2.4122555302238307e-07,-2.5305997572312095e-08,-3.590683771553411e-08,7.515930172572752e-09,0.000140276059421317,5.907430357167081e-08,5.523822362529147e-08,1.817247053474268e-07,2.3643064151403746e-07,-2.7174576905401816e-08,-3.519186262075305e-08,3.1587097508453245e-09,0.00047599475375245974,1.4199374344237637e-07,2.0538621127732442e-07,4.984952855235414e-07,5.633700693156642e-07,-1.258467310209297e-07,-2.0071037769450653e-07,-1.757932781898136e-07,0.0004424480820200226,1.3831647419054446e-07,1.8239148794803678e-07,4.79718161449402e-07,4.5958356301760023e-07,-1.086651314870463e-07,-1.6044725432104108e-07,-1.361676407648212e-07
10,0.000995249627500015,3.8037421169792697e-07,2.914571106501404e-07,4.2960255361362463e-07,3.79393380968813e-07,-2.1427267067799624e-07,-2.5817541033389814e-07,-4.004486531447649e-07,0.0011305452714024048,2.9646108805200864e-07,3.5179352587242724e-07,5.480857804271892e-07,5.162188018715945e-07,-2.402561865742778e-07,-3.020085798443037e-07,-5.33434363568162e-07,0.0003008984157915356,8.532231572786297e-08,8.595735147877166e-08,1.5816520294486232e-07,1.5614426720093616e-07,-8.035849716823239e-08,-1.1647641740270672e-07,-1.5766753696714057e-07,0.00029744189226578254,7.995099105840567e-08,8.483895945801191e-08,1.5345846684631868e-07,1.4438146103069097e-07,-7.849904171436835e-08,-1.1303954039094648e-07,-1.5593061372316578e-07,8.2125972105466e-05,4.607516852536477e-08,2.8584096695664415e-08,6.322577976076606e-08,6.933886800985239e-08,-1.9600425622433396e-08,-2.8600961427569894e-08,-1.621247846852615e-08,7.544588155751935e-05,2.0701890863311816e-07,2.4092716223297762e-08,5.5039174513092315e-08,5.940228778689492e-08,-1.754042210912706e-08,-2.469396114027071e-08,-1.1484120290775397e-08,0.0003925259399699914,1.4366996157232963e-07,1.2671827631619126e-07,2.194992502542478e-07,2.3187468734681121e-07,-1.1153675051114912e-07,-1.7981055861522886e-07,-2.2355608391283232e-07,0.0004077290189145241,1.8415105221712755e-07,1.318516860159492e-07,2.2863278572746204e-07,2.411883331626121e-07,-1.1857402642851626e-07,-1.9740584849002938e-07,-2.549589022255443e-07,0.0010798272910883264,2.457655232256088e-07,3.2849633997805075e-07,4.821143356794918e-07,4.490740330203689e-07,-2.1658100574286234e-07,-2.716727515039136e-07,-5.601966429866009e-07,0.001050969291212554,2.3149303831676608e-07,2.9317364433760537e-07,4.085617309132067e-07,3.818329033796177e-07,-2.0615440130825922e-07,-2.5500885868413913e-07,-4.812954986725587e-07,0.0003564548276170605,9.759431071080566e-08,1.0508500261309997e-07,1.794632695922952e-07,1.827125333406622e-07,-9.30713907080714e-08,-1.3489101998748875e-07,-1.887292472477646e-07,0.00028570539191085455,9.130942972592575e-08,8.405377028987355e-08,1.4245810030613924e-07,1.4399694420003342e-07,-7.577691244970212e-08,-1.0926308837275615e-07,-1.4800331667015464e-07,0.00010413051432833304,4.996918686387779e-08,3.224714222149593e-08,7.390489977785226e-08,8.081011183465801e-08,-2.4983775949388344e-08,-3.9730136026541125e-08,-3.1585407154759585e-08,0.00010525259391311372,4.864930780195695e-08,3.1128896349714996e-08,7.34681878585544e-08,8.128893091276422e-08,-2.4482272023507012e-08,-3.667341632249941e-08,-2.8951276106748106e-08,0.000474723988793246,1.2124123400828252e-07,1.6241889763775402e-07,2.6772113414822113e-07,2.778647604994601e-07,-1.390232476027333e-07,-2.399071152650544e-07,-3.3007245303922895e-07,0.00042300893476652574,1.1745908822105811e-07,1.437619702237694e-07,2.47246749300787e-07,2.547553183856224e-07,-1.200052949389781e-07,-2.001007872154565e-07,-2.7638650584326966e-07
11,0.0015067143898383015,5.901309647363546e-07,4.616013471182314e-07,7.170932907155608e-07,6.70063197977321e-07,-3.3329601549988157e-07,-4.2472376704674506e-07,-8.670039354553009e-07,0.0017141068133796936,4.598529218908524e-07,5.480857804271892e-07,8.883501902894665e-07,8.733445673911871e-07,-3.7007437444846574e-07,-4.860412386715681e-07,-1.0231000393251624e-06,0.0004926000126594652,1.33335932449119e-07,1.5008410151734772e-07,2.84592382406088e-07,3.0206402729404864e-07,-1.3090426568142099e-07,-1.9608361560273097e-07,-3.0949126402150985e-07,0.00048639669965158834,1.2495241798829882e-07,1.4812124766326545e-07,2.8021466674369623e-07,2.987769619520751e-07,-1.2760187450407296e-07,-1.9069640996559612e-07,-3.133947386186358e-07,0.00012314263030673193,6.587494550254521e-08,4.469359936738391e-08,1.004067974187502e-07,1.1246454502135567e-07,-2.9214770903542423e-08,-4.420689809396826e-08,-4.096406456831772e-08,0.00011622833398883224,3.3927653521726044e-07,3.907313965494327e-08,9.215767595470463e-08,1.0318127374822106e-07,-2.690297703092799e-08,-3.924003631124683e-08,-3.264767980503595e-08,0.0006397120034478058,2.291847573455569e-07,2.2146607737688185e-07,4.0532455465948205e-07,4.432666881149514e-07,-1.795890431241338e-07,-3.001389754976978e-07,-4.642851553982939e-07,0.0006672278478568271,2.9809146981116526e-07,2.3235133130222e-07,4.2706162913933305e-07,4.6820999530460625e-07,-1.9180279855297182e-07,-3.3148250258500333e-07,-5.569950792184529e-07,0.0015909602840126025,3.786302983257747e-07,4.992123878953278e-07,7.569287598069873e-07,7.102547296120266e-07,-3.228176534669324e-07,-4.09789741664055e-07,-8.489334753177569e-07,0.0015724816406801744,3.5132260377800857e-07,4.497356254628751e-07,6.469374104950755e-07,6.150236808587155e-07,-3.1072213266909893e-07,-3.889104324034088e-07,-7.746662751911586e-07,0.0005858310243690428,1.524477545563276e-07,1.8188435993668042e-07,3.155511423515473e-07,3.246074268187838e-07,-1.522431350524939e-07,-2.2712559263328958e-07,-3.6015780409020207e-07,0.00046674391186409984,1.4252144660937645e-07,1.4437536056471475e-07,2.500642718643764e-07,2.55648053609652e-07,-1.2300126272045965e-07,-1.8154249857631707e-07,-2.7449045797731687e-07,0.0001664011062893996,7.145002790477172e-08,5.593642698939457e-08,1.3626234958035762e-07,1.5173120893001527e-07,-3.958091447956529e-08,-6.531434166691866e-08,-7.324627723111837e-08,0.00017086624385964167,7.093251832681135e-08,5.506145731802945e-08,1.374382608940045e-07,1.5392443749393627e-07,-3.953544413178901e-08,-6.134563604201212e-08,-6.646834701302501e-08,0.0007788297635059634,1.8837890473773615e-07,2.826027449710999e-07,4.888160640629564e-07,5.194273511585045e-07,-2.2482996525169818e-07,-3.9827920833186203e-07,-6.404898672607693e-07,0.0006922181404425715,1.819049963175626e-07,2.487586082681212e-07,4.458595412708075e-07,4.6519664062884446e-07,-1.9341291538589923e-07,-3.32999941625902e-07,-5.367449898397831e-07
12,0.0018247897618115438,1.4585388902170328e-07,5.418352022428959e-07,8.712453005778782e-07,1.5832956120192794e-06,-3.2853748182884495e-07,-5.322657468788282e-07,-3.0418820968703644e-06,0.0016948094042655297,4.928691253305784e-08,5.162188018715945e-07,8.733445673911871e-07,1.7623770527447934e-06,-3.872993681095204e-07,-6.079055685320416e-07,-2.948013266512449e-06,0.0004513994311166491,8.14260655201711e-08,1.0693919406528991e-07,1.4476952068462645e-07,1.9772518532559916e-07,-1.199659850120844e-07,-1.9572485762140732e-07,-4.5645039254870644e-07,0.0004488399577472408,7.482181367154877e-08,1.0733956792893398e-07,1.2972157141658103e-07,1.2601463522438584e-07,-1.18194894564434e-07,-1.8758424970702809e-07,-4.111046111323567e-07,9.608520184515662e-05,4.281545231679908e-08,2.4362506844852922e-08,1.3432651854951445e-09,1.940729062361826e-08,-2.669826517724345e-08,-4.608779841164113e-08,-9.383547081717921e-08,7.722390761303291e-05,1.308598192964999e-07,1.5506501721647187e-08,-7.316542755856767e-09,1.203710470772489e-08,-2.1643677020166046e-08,-3.8155621308516434e-08,-8.315616312324854e-08,0.0005749005705875321,1.0905641194156635e-07,1.69813688282595e-07,1.8489325333626563e-07,2.479379487521142e-07,-1.695174428468071e-07,-3.1230190009387245e-07,-6.604503121012146e-07,0.0005956897553245655,1.3141233156953081e-07,1.719620716869985e-07,1.6197552740869464e-07,2.21685136785866e-07,-1.7809249306023592e-07,-3.3203447507119526e-07,-7.199790822081199e-07,0.002002837357645028,3.6789036184834406e-08,6.093044004823738e-07,9.88006279320885e-07,1.932474986305676e-06,-3.5768337556167763e-07,-5.776916726513378e-07,-3.392724350359082e-06,0.0017081143832376896,1.8157205171726008e-08,4.972702282660485e-07,7.732621159375348e-07,1.5589590127280557e-06,-2.9119542620168754e-07,-4.5814352745146664e-07,-2.577061165658157e-06,0.0005437666425524729,9.395682692449369e-08,1.3758698078772762e-07,1.7907553948578264e-07,2.4861525410447405e-07,-1.4001083111702773e-07,-2.2436487868319241e-07,-5.064757204740368e-07,0.0004541716840702783,8.087029620685229e-08,1.1662004747564013e-07,1.582115944987034e-07,2.2369546636365085e-07,-1.1761270633829808e-07,-1.8780254057525978e-07,-4.1779596829028654e-07,0.00012827689609816898,4.28094001689666e-08,2.7874136094065125e-08,9.679564608579757e-09,3.476636745356918e-08,-3.535054939557872e-08,-6.512730794825468e-08,-1.423664016771141e-07,0.00011777493680205576,4.169599022035249e-08,2.2795961132625572e-08,1.1009268027633648e-08,4.1516425821903127e-08,-3.263965923605078e-08,-5.894439002460117e-08,-1.2793929398167005e-07,0.0007395008665973504,1.0735539081168926e-07,2.3202989532717676e-07,2.414568342143583e-07,2.9115627038362524e-07,-2.1604665953518129e-07,-4.0832265572902547e-07,-8.433926551418418e-07,0.0006377381382352019,1.0201190620730707e-07,2.04459409190803e-07,2.4720336842423114e-07,2.80958696749029e-07,-1.8625117404283757e-07,-3.497835237183211e-07,-7.184096867951352e-07
