,0,1,2,3,4,5,6,7,8,9,10,11,12
0,0.008848214777069836,0.002366981775825036,0.0016242629888542526,-5.302176318817739e-06,4.213864975846944e-05,-2.7342936342632898e-05,0.004056864295070342,-0.0002772144079032956,0.009738403582463001,0.0962496030108903,0.0010702313087473,-0.04702289328435825,0.0034953241062520807
1,0.002366981775825036,0.21232470704131662,-0.03844597164038952,-0.0003171041693211299,-0.000624146604158066,0.0018913797827321993,-0.1686520786795413,0.01520139492192348,0.0047290253917065895,-0.1396388064733604,-0.002169823385064529,-6.763865178412631e-05,-0.020599853948829974
2,0.0016242629888542526,-0.03844597164038952,0.025307537669064576,0.0002519991855914397,0.00036899786462310085,-0.00056543915986311,0.0717788289011835,-0.005621397358387336,-0.0004003021028177598,0.12184243279055382,-0.0019037382671318714,-0.025895358045825434,0.007790621221604375
3,-5.302176318817739e-06,-0.0003171041693211299,0.0002519991855914397,4.4914024096208506e-05,6.05939281548773e-06,1.9381113620444494e-06,0.0007969216342392549,-6.496816334110603e-05,-2.8048792649420855e-05,-0.00025046970628782533,-0.00011561613131133965,-0.0005203167695215079,-7.999829590875827e-05
4,4.213864975846944e-05,-0.000624146604158066,0.00036899786462310085,6.05939281548773e-06,1.045610946612955e-05,-1.9381575840438463e-05,0.0013621367843080438,-0.0001105158986723341,1.5330644524879782e-06,0.0017936934005818815,-7.484981758660359e-05,-0.0005979168434199813,0.00022395384733215433
5,-2.7342936342632898e-05,0.0018913797827321993,-0.00056543915986311,1.9381113620444494e-06,-1.9381575840438463e-05,0.00025613317470056545,-0.0016311133173669392,0.0001502095800979929,7.014305457335863e-05,-0.004403516970965383,-0.00012293112779696572,0.000979198985456804,-0.0016780947929131288
6,0.004056864295070342,-0.1686520786795413,0.0717788289011835,0.0007969216342392549,0.0013621367843080438,-0.0016311133173669392,0.4058314348692545,-0.02367242110371584,-0.0029943096974917264,0.3241789189399895,-0.004874031592156047,-0.06701316295556399,0.03782030787442528
7,-0.0002772144079032956,0.01520139492192348,-0.005621397358387336,-6.496816334110603e-05,-0.0001105158986723341,0.0001502095800979929,-0.02367242110371584,0.0023537828522522666,8.584567023052522e-05,-0.028597947662377932,0.00043022095536714914,0.0038542177304720206,-0.0025299805091567066
8,0.009738403582463001,0.0047290253917065895,-0.0004003021028177598,-2.8048792649420855e-05,1.5330644524879782e-06,7.014305457335863e-05,-0.0029943096974917264,8.584567023052522e-05,0.016504325851560992,0.15247013916862634,0.0025993534878147873,-0.06416686633446743,0.003515672295362821
9,0.0962496030108903,-0.1396388064733604,0.12184243279055382,-0.00025046970628782533,0.0017936934005818815,-0.004403516970965383,0.3241789189399895,-0.028597947662377932,0.15247013916862634,3.5125320580518298,0.0203639737485786,-0.6820751520410544,0.08517522681848069
10,0.0010702313087473,-0.002169823385064529,-0.0019037382671318714,-0.00011561613131133965,-7.484981758660359e-05,-0.00012293112779696572,-0.004874031592156047,0.00043022095536714914,0.0025993534878147873,0.0203639737485786,0.003694377621756393,0.0015154781798892528,0.0020720168837326963
11,-0.04702289328435825,-6.763865178412631e-05,-0.025895358045825434,-0.0005203167695215079,-0.0005979168434199813,0.000979198985456804,-0.06701316295556399,0.0038542177304720206,-0.06416686633446743,-0.6820751520410544,0.0015154781798892528,0.8497634989673662,-0.0199541947325381
12,0.0034953241062520807,-0.020599853948829974,0.007790621221604375,-7.999829590875827e-05,0.00022395384733215433,-0.0016780947929131288,0.03782030787442528,-0.0025299805091567066,0.003515672295362821,0.08517522681848069,0.0020720168837326963,-0.0199541947325381,0.022528558990266182
