,0,1,2,3,4,5,6,7,8,9,10,11,12,13,14,15,16,17,18,19,20,21,22,23,24,25
0,29.1938734690106,-3.80007257009554,-3.2008844209216063,-1.5337560957046676,-0.7521442569777217,3.2869871898996887,6.957355791754804,6.8267128467704925,6.8659853773075366,5.664047206923441,2.663490894980386,-0.2447667756686151,-1.1608482419967043,-1.4598324419608222,-1.7267695919990336,-1.2865777914989396,-0.6838259854281182,-0.4373186918099496,-0.3117108317263689,-0.336724735106536,-0.3296853432870381,-0.23306207782304922,-0.19445979460939047,-0.23779762049076636,-0.19243588300261064,-0.08281271750685072
1,-3.80007257009554,12.51476792262653,2.3606062702565724,-0.06885182950802123,-0.05794695380517277,-0.8645515516571758,-2.269825489556504,-2.42995146368684,-2.388757241894656,-1.625254671153385,2.8571139257649656,5.012847751567761,3.5175846651003857,3.6937720699461924,3.17895633549948,1.5855387631010953,0.3185797533119508,0.05981929149597301,-0.0188940235984469,-0.026005199908629137,0.004695896675902752,0.016563391209270535,-0.034600975208464946,-0.041567899657780634,-0.008230436395015405,0.0028942174236161176
2,-3.2008844209216063,2.3606062702565724,6.0332541182683315,1.1567035986843166,0.020768499893244717,-0.1698885421020399,-0.5505589950441119,-0.5997760614070616,-0.5608923119667671,-0.685469510379127,-0.8314518504520587,-0.428123340261413,-0.02395899906770441,0.29672231881079536,1.578430270337329,2.0246877762077884,1.4600353318160721,1.2853766906858715,0.834885559840672,0.5675385789868223,0.3078058352930315,0.0662526428072168,-0.005254822131013822,-0.0048831369332440165,0.010029177961381794,0.0059068870696079405
3,-1.5337560957046676,-0.06885182950802123,1.1567035986843166,3.432015594414902,0.7098137402657781,-0.08191670563306194,-0.2558821880175926,-0.3135225582217087,-0.28691544281554926,-0.34599983923078415,-0.35629394647644275,-0.1695983700394365,0.005081012979004691,0.04844333959381006,0.039844988499136966,0.031384936251783936,0.0058667043699042205,0.07641843695504819,0.33682989949024444,0.6500500299635165,0.9050585781201848,0.7549733892008683,0.4088570357418328,0.2972784064422357,0.1312742092907321,0.02151207354927305
4,-0.7521442569777217,-0.05794695380517277,0.020768499893244717,0.7098137402657781,1.5925683851797472,-0.013017813010729738,-0.07755859733968165,-0.17361590031979954,-0.16842189594865295,-0.19249625793706693,-0.1809234747946976,-0.08382340355259572,0.0001394865158672097,0.00875537806011729,0.017357051462807853,0.00689942777237143,0.0020458875583838675,0.005857547945358524,0.0007978291414135809,0.00011644483664813245,0.008337558690433688,0.03744032001520037,0.18126489081007982,0.37017633580376585,0.4683411289303774,0.2431102276093489
5,3.2869871898996887,-0.8645515516571758,-0.1698885421020399,-0.08191670563306194,-0.013017813010729738,6.34310564147692,2.5659196524398387,-1.3938429299933761,-1.3335400237097188,-1.4223844077583454,-1.2069160013535325,-0.6306553103101654,-0.1535811129607602,-0.04777033014757262,-0.09146859144143417,-0.07439855439704551,-0.030508535934334568,-0.013647430530687144,-0.019103989155223683,-0.030705341090802103,-0.013831110747368256,-0.012558933957488413,-0.007670562429672529,-0.016400890038157145,0.00217675208374637,0.0009679518247198565
6,6.957355791754804,-2.269825489556504,-0.5505589950441119,-0.2558821880175926,-0.07755859733968165,2.5659196524398387,13.040449256957842,1.223218305386434,-3.142824906423444,-3.206014499910713,-2.897880668782084,-1.5610709963541038,-0.39361643214433206,-0.21757331629819132,-0.27171937807603996,-0.17373744711057476,-0.13345222400337137,-0.09142220660405627,-0.0587423871989088,-0.05374437418682493,-0.0552456980368736,-0.046667653662120195,-0.03853855685888486,-0.02496989035725589,-0.011376330144635769,-0.010290468720598004
7,6.8267128467704925,-2.42995146368684,-0.5997760614070616,-0.3135225582217087,-0.17361590031979954,-1.3938429299933761,1.223218305386434,12.80362545007308,1.1999752481514847,-3.432634542441849,-2.9137279612732376,-1.589211252465381,-0.5026224017729307,-0.26909469672085123,-0.2647934596673224,-0.20975201096943136,-0.13879868165651404,-0.09390222555269054,-0.06760334085632086,-0.06927892966839543,-0.07251533382388616,-0.04826323065251653,-0.02900189214776104,-0.04441301942092414,-0.053863474005853174,-0.020662017544105248
8,6.8659853773075366,-2.388757241894656,-0.5608923119667671,-0.28691544281554926,-0.16842189594865295,-1.3335400237097188,-3.142824906423444,1.1999752481514847,12.66052148613203,0.9521733681133285,-2.8947596808046776,-1.3981499823668277,-0.4915861110512171,-0.31849871647487,-0.27647794979942486,-0.23191265953715326,-0.10757612357319876,-0.08432443635271981,-0.049688935444923595,-0.07227448733092705,-0.07204896351676189,-0.027313261168010895,-0.03666769584247792,-0.04612577111915454,-0.05112519807693594,-0.01661499905225874
9,5.664047206923441,-1.625254671153385,-0.685469510379127,-0.34599983923078415,-0.19249625793706693,-1.4223844077583454,-3.206014499910713,-3.432634542441849,0.9521733681133285,12.990919220986619,1.5214141933370378,-1.6919103547264895,-0.46696981980106766,-0.375633635529715,-0.3747568256009858,-0.27199142899590284,-0.13940691957578696,-0.09813366320595368,-0.061772347661810056,-0.08474057737101165,-0.06690551670942532,-0.05466757750045336,-0.040382649209524134,-0.057251418071753116,-0.052478477831285904,-0.02312507758764939
10,2.663490894980386,2.8571139257649656,-0.8314518504520587,-0.35629394647644275,-0.1809234747946976,-1.2069160013535325,-2.897880668782084,-2.9137279612732376,-2.8947596808046776,1.5214141933370378,13.629989635241614,2.3763710318741107,-0.644246034578458,-0.5114351530313486,-0.5261333907974983,-0.39003055313114054,-0.17385387870947958,-0.08928941058124967,-0.0824760993938301,-0.05344961839627262,-0.07467112119603805,-0.06128425474892637,-0.04951611665084955,-0.060115773243113034,-0.041517616442782505,-0.021964589856254317
11,-0.2447667756686151,5.012847751567761,-0.428123340261413,-0.1695983700394365,-0.08382340355259572,-0.6306553103101654,-1.5610709963541038,-1.589211252465381,-1.3981499823668277,-1.6919103547264895,2.3763710318741107,9.292651984434508,0.7292255583076389,-0.2808470154129577,-0.3107221695181944,-0.22400582594292215,-0.09101393239831013,-0.04288534318829938,-0.025402034046582405,-0.014041475570165024,-0.028114460331039835,-0.03153033564905937,-0.036146458082621,-0.03588240534154522,-0.01475865131365026,-0.0059860514074427645
12,-1.1608482419967043,3.5175846651003857,-0.02395899906770441,0.005081012979004691,0.0001394865158672097,-0.1535811129607602,-0.39361643214433206,-0.5026224017729307,-0.4915861110512171,-0.46696981980106766,-0.644246034578458,0.7292255583076389,3.554827583095651,0.7765373923905339,-0.0527808997349311,-0.014643262160195585,-0.008990699146264425,0.015439014281869279,-0.0018850650271272716,-0.00493517522074329,-0.0024925831077062185,0.012495864002956634,-0.0004857455719349843,-0.006419324512746975,-0.0019712871498587924,0.004221745043349918
13,-1.4598324419608222,3.6937720699461924,0.29672231881079536,0.04844333959381006,0.00875537806011729,-0.04777033014757262,-0.21757331629819132,-0.26909469672085123,-0.31849871647487,-0.375633635529715,-0.5114351530313486,-0.2808470154129577,0.7765373923905339,2.884344075907111,0.7650292656648463,0.003644681981454222,0.005822075626081485,0.021479910528447055,0.006143511849271293,0.00022232210181803713,0.0187781544828547,0.01979904842191252,-0.0019171470929013666,-0.0021447793895923214,0.0005623062627120219,0.004641624270122492
14,-1.7267695919990336,3.17895633549948,1.578430270337329,0.039844988499136966,0.017357051462807853,-0.09146859144143417,-0.27171937807603996,-0.2647934596673224,-0.27647794979942486,-0.3747568256009858,-0.5261333907974983,-0.3107221695181944,-0.0527808997349311,0.7650292656648463,3.185956354833836,0.8446219465188666,0.0020193623513628817,0.012213042397894612,0.00727987447487545,-0.004931255909948829,0.014661389771800797,0.01817743191484498,-0.004127514426453422,-0.0028604670582344717,0.011300282348210533,0.002541438933268313
15,-1.2865777914989396,1.5855387631010953,2.0246877762077884,0.031384936251783936,0.00689942777237143,-0.07439855439704551,-0.17373744711057476,-0.20975201096943136,-0.23191265953715326,-0.27199142899590284,-0.39003055313114054,-0.22400582594292215,-0.014643262160195585,0.003644681981454222,0.8446219465188666,2.2483800471458517,0.3289084673481738,0.012692937924915593,0.00444047215001673,0.000184639937516255,0.014976460141027829,0.008367463975212153,0.0006434722967850296,-0.0012760200539483628,0.0019501538601334081,0.0022762579703208548
16,-0.6838259854281182,0.3185797533119508,1.4600353318160721,0.0058667043699042205,0.0020458875583838675,-0.030508535934334568,-0.13345222400337137,-0.13879868165651404,-0.10757612357319876,-0.13940691957578696,-0.17385387870947958,-0.09101393239831013,-0.008990699146264425,0.005822075626081485,0.0020193623513628817,0.3289084673481738,1.011936301093598,0.2297779809425983,0.0037740952318798733,0.0017571216607009412,0.004667295287661693,0.0010738564422446003,-0.002142723678172846,-0.001984046742242923,0.0014583097995843823,0.001448051317675471
17,-0.4373186918099496,0.05981929149597301,1.2853766906858715,0.07641843695504819,0.005857547945358524,-0.013647430530687144,-0.09142220660405627,-0.09390222555269054,-0.08432443635271981,-0.09813366320595368,-0.08928941058124967,-0.04288534318829938,0.015439014281869279,0.021479910528447055,0.012213042397894612,0.012692937924915593,0.2297779809425983,0.7208836176264448,0.15106132472136477,0.004566801286981664,0.007886757547171722,0.005704984054838155,-0.0005982532215472564,0.0005765643005086608,0.0023908006260637015,0.0009440344690590319
18,-0.3117108317263689,-0.0188940235984469,0.834885559840672,0.33682989949024444,0.0007978291414135809,-0.019103989155223683,-0.0587423871989088,-0.06760334085632086,-0.049688935444923595,-0.061772347661810056,-0.0824760993938301,-0.025402034046582405,-0.0018850650271272716,0.006143511849271293,0.00727987447487545,0.00444047215001673,0.0037740952318798733,0.15106132472136477,0.5640146096818333,0.15853936842904248,0.008100823937373413,0.0038081762991491867,-0.0019001315486779293,-0.0003229307304423283,-0.00010137192530382315,0.000929813317397211
19,-0.336724735106536,-0.026005199908629137,0.5675385789868223,0.6500500299635165,0.00011644483664813245,-0.030705341090802103,-0.05374437418682493,-0.06927892966839543,-0.07227448733092705,-0.08474057737101165,-0.05344961839627262,-0.014041475570165024,-0.00493517522074329,0.00022232210181803713,-0.004931255909948829,0.000184639937516255,0.0017571216607009412,0.004566801286981664,0.15853936842904248,0.5740743600136212,0.14905660521464958,0.003666013457471054,-1.9247472417170013e-05,-0.0024766017618335513,0.0014176325292960823,-4.2185722976034444e-05
20,-0.3296853432870381,0.004695896675902752,0.3078058352930315,0.9050585781201848,0.008337558690433688,-0.013831110747368256,-0.0552456980368736,-0.07251533382388616,-0.07204896351676189,-0.06690551670942532,-0.07467112119603805,-0.028114460331039835,-0.0024925831077062185,0.0187781544828547,0.014661389771800797,0.014976460141027829,0.004667295287661693,0.007886757547171722,0.008100823937373413,0.14905660521464958,0.5503473924630335,0.12373722671779161,0.0023310926127308243,0.0011103166658714123,0.001999553657803505,0.0013363055253724269
21,-0.23306207782304922,0.016563391209270535,0.0662526428072168,0.7549733892008683,0.03744032001520037,-0.012558933957488413,-0.046667653662120195,-0.04826323065251653,-0.027313261168010895,-0.05466757750045336,-0.06128425474892637,-0.03153033564905937,0.012495864002956634,0.01979904842191252,0.01817743191484498,0.008367463975212153,0.0010738564422446003,0.005704984054838155,0.0038081762991491867,0.003666013457471054,0.12373722671779161,0.3683960945221338,0.06288064563669928,0.0032086550289274303,0.0022930858447335715,0.0013110428118237602
22,-0.19445979460939047,-0.034600975208464946,-0.005254822131013822,0.4088570357418328,0.18126489081007982,-0.007670562429672529,-0.03853855685888486,-0.02900189214776104,-0.03666769584247792,-0.040382649209524134,-0.04951611665084955,-0.036146458082621,-0.0004857455719349843,-0.0019171470929013666,-0.004127514426453422,0.0006434722967850296,-0.002142723678172846,-0.0005982532215472564,-0.0019001315486779293,-1.9247472417170013e-05,0.0023310926127308243,0.06288064563669928,0.23760417242972084,0.07151062755029947,0.0001498222581713026,0.0003965929867066088
23,-0.23779762049076636,-0.041567899657780634,-0.0048831369332440165,0.2972784064422357,0.37017633580376585,-0.016400890038157145,-0.02496989035725589,-0.04441301942092414,-0.04612577111915454,-0.057251418071753116,-0.060115773243113034,-0.03588240534154522,-0.006419324512746975,-0.0021447793895923214,-0.0028604670582344717,-0.0012760200539483628,-0.001984046742242923,0.0005765643005086608,-0.0003229307304423283,-0.0024766017618335513,0.0011103166658714123,0.0032086550289274303,0.07151062755029947,0.26136857335914854,0.05930282110497691,-0.0003617412359290116
24,-0.19243588300261064,-0.008230436395015405,0.010029177961381794,0.1312742092907321,0.4683411289303774,0.00217675208374637,-0.011376330144635769,-0.053863474005853174,-0.05112519807693594,-0.052478477831285904,-0.041517616442782505,-0.01475865131365026,-0.0019712871498587924,0.0005623062627120219,0.011300282348210533,0.0019501538601334081,0.0014583097995843823,0.0023908006260637015,-0.00010137192530382315,0.0014176325292960823,0.001999553657803505,0.0022930858447335715,0.0001498222581713026,0.05930282110497691,0.2200371752659254,0.047746670615597564
25,-0.08281271750685072,0.0028942174236161176,0.0059068870696079405,0.02151207354927305,0.2431102276093489,0.0009679518247198565,-0.010290468720598004,-0.020662017544105248,-0.01661499905225874,-0.02312507758764939,-0.021964589856254317,-0.0059860514074427645,0.004221745043349918,0.004641624270122492,0.002541438933268313,0.0022762579703208548,0.001448051317675471,0.0009440344690590319,0.000929813317397211,-4.2185722976034444e-05,0.0013363055253724269,0.0013110428118237602,0.0003965929867066088,-0.0003617412359290116,0.047746670615597564,0.09008747775936904
