,0,1,2,3,4,5,6,7,8,9,10,11,12,13,14,15,16,17,18,19,20,21,22,23,24,25,26,27,28,29,30,31,32,33,34,35,36,37,38,39,40,41,42,43,44,45,46,47,48,49,50,51,52,53,54,55,56,57,58,59,60,61,62,63,64,65,66,67,68,69,70,71,72,73,74,75,76,77,78,79,80,81,82,83,84,85,86,87,88,89
0,0.037325398640627325,0.17823034734480453,0.05164198450034589,0.0076296625646419735,-0.02674611538042868,-0.019703978740952092,0.016791099167235122,0.002544663659762004,0.008909537103101736,0.006081427708632454,0.0002426014072058155,-0.010082442260665398,-0.03962373011611122,-2.7339789163725152,-2.003416986714956,-1.5020478512817883,-0.6510809577158823,-0.609590050069777,-0.5149152525238125,-0.3105602740207773,-0.44303807362824615,-0.17049401498381295,-0.15468063559721948,-0.28955665751504645,0.05595950828416622,-0.2841809763036502,-0.3236367565175966,0.0632028764238037,0.09497739652298803,-0.029308867686641617,-0.0779144206573239,0.04162363090860832,-0.040899779343961114,-0.0125431145399173,-0.019700730640659764,-0.20072947270497005,-0.3138870797278431,0.026686404830037955,-0.0022553054226039054,-0.12627443567289823,0.028609876567810333,0.09913914324894041,0.0029656251290026635,0.01780122704555395,0.017839520869332562,-0.10794139585729307,0.2844914809820676,-0.3093033257048286,0.005854764567852366,0.012308177790720515,-0.047012516559007574,-0.018291918294051402,0.03956963255008252,-0.026112504625188222,0.05083417119084801,-0.3828375067247571,-0.10740709507133246,-0.023936965695517176,-0.13179528508144014,-0.04913501339757226,-0.0022078330712037887,0.02600624944071426,-0.1057676513669608,0.14091502315154897,-0.0791187739528576,-0.002849059151554529,-0.025585283588610924,0.05404848332430354,-0.05279383249490971,0.027217940930336474,0.3425311011188923,-0.0620927542445669,-0.012721280555221415,0.013055410625008004,0.022852636984552366,0.03393785839416306,-0.34438617208670724,-0.035743359623888755,0.07640027637045804,0.016419658624607314,-0.0616655172633486,0.1799984771327954,-0.053048630837761304,0.0337997481764676,0.009849812614633326,-0.04245677872469785,0.02934476052726021,-0.007848335398188784,-0.09683085314548194,-0.020527116192913884
1,0.17823034734480453,2.880060739200432,0.014275575982630224,0.11964868093854183,-0.14999406241748364,-0.09706677669469492,0.10679941319592443,0.09097612331880182,0.035774783578269645,0.15624571796052872,-0.02539667943852361,-0.046541305541202664,-0.14364522399713103,-18.042899163374774,-5.548094399838951,-5.081389969804993,-2.199662674541872,-0.0880754994366584,-1.8166303331029694,-1.1991309373757726,-2.880751758163159,-0.5976441198300233,0.15483183256042252,-1.7619147517399663,-0.42745306254968124,-0.5901045377989609,-3.357549936610525,1.1127091370287157,1.796600831556657,0.13940222917055267,-0.520692802633253,0.5081366918087671,-0.29328655484857097,0.04136942049261301,-0.2483659108064858,-1.4614950633098627,-0.9062568720814317,4.318348119255274,-0.543398739588277,-1.694041788338906,0.5814531560537345,1.0109185901012951,0.07046735431434395,0.12986596912251028,0.06420208930466506,-0.7645883367281759,0.8869104651114939,-1.177024813249304,-0.46973495761063316,-0.37071950781929425,-0.677645253096519,0.21268178279367922,0.5068684643188042,-0.4876963429207985,0.2888994560838594,-2.1502865598338063,-0.3020979586545521,1.579437026638884,-0.5884134267057529,0.46127528730161843,-0.07479808302081532,0.17224027725719626,-0.6225400187291437,1.4082161328941534,-1.7255565761424667,-0.08884928397848217,-0.1288319026324825,0.6576039568523657,-0.46651136020475104,0.21969598777002222,2.4038645508443204,-1.2089060578328281,-0.24200119389430827,0.13690910783534077,0.05950716504394444,0.3094883241283309,-3.0025463294406083,-0.9949158000883151,0.8571445815124548,0.06246176032988622,-0.4083869779581194,0.7566128341471474,-0.8916935908287192,0.1925379470150887,0.0826679493664289,0.1861751277247507,0.026271262703954423,0.010229817713982172,-0.7316554847855324,-0.1507942574174455
2,0.05164198450034589,0.014275575982630224,1.2836598145504803,0.19482743264474478,-0.1354319574282776,0.043606307898573185,-0.010273490329676468,0.03919996085528165,0.023441629238995294,-0.012582237560541625,0.01056073776707233,-0.014891393801844933,-0.05121353465600748,-8.165996531024224,-5.0908307194390465,-6.786935847817447,-0.9066123616979084,-5.1729031758892,-0.8441442595004535,-2.8346394549727383,-0.24867621477073798,-1.552532948677758,-1.2427715613650125,-0.1226775961684978,-0.0485519260740174,1.2436253131878425,2.2489897009054305,0.5766938604431081,-0.5133171036614846,-0.9605533792062608,0.35632174319252347,-0.22722440063437893,0.5468113373988461,-0.09236872855140033,0.18123334585619208,-0.5773029014638996,0.4298877364556552,-0.9624692762191844,-0.16805264950187004,0.22027395195386473,-0.23720337931805852,0.06937374871105403,0.1263020661977982,-0.0855025293527463,-0.08757745457781405,-0.11610231461109297,0.4314557770405802,-0.35034776575086446,-0.11369308701909542,0.23838073376381042,-0.4365393138974762,0.2895947412244858,-0.2404226859868859,0.14115032644168476,-0.26890951898835896,-1.506175819336179,-0.1780894889070133,0.6162634172383333,-0.5404224792192028,0.7540140360154862,-0.027086035513761483,0.09540017281429679,-0.19318736483043364,1.1230124416652614,-0.4534875088126117,0.5369396583969992,0.2867956009440267,-0.39487404723262637,0.0673565656287759,0.03396854361654615,-0.26104192980435437,1.1584015756298467,-1.148166553992721,-0.0979189850551043,0.27736048367629185,-0.039649769874674015,-0.5030709307046672,0.15767042544867463,-0.9268441264312107,-0.07304105115289822,0.07706307887572773,0.630995117912445,0.5956208710050214,0.03807807040907572,-0.035058791894867054,-0.394647565707776,0.5916655598653772,-0.008389775030381953,-0.46670121961327066,0.06928620189592108
3,0.0076296625646419735,0.11964868093854183,0.19482743264474478,0.24129789305148439,-0.0045098100580464595,0.05401572863180111,0.07037588343333961,0.009818031803145328,-0.004826192282698972,0.019890880108330563,0.025107246065999074,-0.017251627964139454,-0.025644851426875778,1.1979510511309228,3.2772492398551876,2.8886251859234457,0.6317053144671428,2.980673279460159,0.44545588009712556,0.5464288644635723,-0.06173304356309514,0.3807460789278114,0.7400834691937077,0.005171936049131671,-0.10053728115839354,0.875400976947621,-1.8824515101558408,0.005874219159294601,0.5980608246976865,0.38556577710727247,-0.041905220754387684,0.06270208831568685,-0.0835683918431409,0.17140518734654175,-0.11023702137003569,-0.2179488972241845,0.40590957508863457,0.7692629104327716,-0.07357215183158058,-0.6235355912842594,0.3219647597523243,-0.0071878732695108884,0.02195292056560922,0.010889223062078584,-0.028079287151286682,-0.1597169894441165,0.70686580872521,0.11802031838297943,-0.4164606582190389,-0.29227688208829605,0.15857583106102172,-0.01852202779675872,0.029308120472570257,-0.2067272176811426,-0.11069820245541673,0.2473600752265344,-0.2502210216164668,0.12229239866621446,-0.19899146493663541,-0.1059152702338196,0.05468656443957071,0.005506286482053656,-0.018906184171477516,0.011608037339657208,-0.6126697316160543,-0.13114220417562272,-0.2115970266058251,0.47684279351521924,-0.2107840182436724,0.04227057910858533,0.4175338495709008,-0.30058242014094394,0.04584983357076144,0.08866581123556067,-0.11048985048902726,-0.03239591103890995,-0.01707328254058569,-0.6179403099022411,0.3244213520274825,-0.12112131071558171,-0.0008101668562015896,0.07885157764936382,-0.010369728953748186,0.04949803491225901,-0.030267036557065273,0.0455698358837323,0.19693918707459293,0.0448357195462961,0.08475584535567199,0.017160916605535904
4,-0.02674611538042868,-0.14999406241748364,-0.1354319574282776,-0.0045098100580464595,0.5899970124083606,-0.010423812858663983,-0.03280196211556436,-0.011680926122191397,-0.05414114028898153,-0.018749918278039797,0.002292480131783212,0.009530081233673784,0.052185883421320536,4.1106455635205545,4.412975814216148,3.653930351626218,0.9280896818229293,1.5511623584067122,1.771461712193356,1.2170476506492862,0.7658963853483347,0.7395559490366898,0.5509684275532319,0.7888364707008518,-0.1568293852521152,-0.1748680537800921,1.031292988857396,-0.01592216389242491,0.04350110802259824,-0.1137041867733891,0.14681610854970978,0.08047755076676999,-0.01665307362103185,0.01983639247219253,0.0022669118106857576,0.1078093763730325,0.3685130600017622,1.6744659547499154,-0.18895487668311367,-0.014631260556496209,-0.20410534050201173,0.28672179015688837,-0.07149667953943087,-0.04619698641537244,-0.00673101383274693,0.08972844938629602,-0.6379372205241355,0.46900771384137446,0.1717127465101935,-0.41139296821128146,-0.15084177517984879,0.10778117245672857,0.06797780070355572,0.016779899837575173,-0.08969540005948981,0.917404577104052,0.34147492692201964,-0.006111508612607324,0.41923472917926957,-0.0026604884161183554,0.04412024193921836,-0.05543880460098431,0.11481008718789518,-0.5347001714541103,0.37257181125727495,-0.10883116118174217,-0.08038834253543203,0.03008889650700502,0.10253514319641961,0.07502620995970144,-0.30837483667792026,-0.3958630586135246,0.25775149171701384,0.1499069024941399,-0.10588018848205286,0.0038182004300142815,0.13931375609749042,-0.14152561198352426,-0.24297724324944586,0.37509814419660376,-0.00022019360970563723,-0.30979691904024315,-0.05233259631894778,-0.00351094661158102,0.024060657219264817,0.06092031365361544,0.09596535280637768,-0.020256902966486506,-0.03201933921173924,-0.004094688891653928
5,-0.019703978740952092,-0.09706677669469492,0.043606307898573185,0.05401572863180111,-0.010423812858663983,0.15934554199048637,-0.04851792591378686,-0.0008829467801683142,-0.0014183442840456728,-0.007522344731863104,-0.017207826981895415,0.017683323051706973,0.0029726685179148984,1.3791177046197802,2.714072366875904,5.234886426543951,0.8345685002056349,3.5161599790976843,0.9458675542515882,1.3026812095558045,0.6525941874804626,0.8891727422407154,1.0558168645996893,0.3216191689848168,-0.11634410628703931,0.3467904638952292,-1.253586121324925,0.01634529371469711,0.21603381821560297,0.4599480125307581,-0.0732605729857032,0.1650150754994362,-0.13160531792593436,0.03339184957334603,-0.14285063067147977,0.2053522692865586,0.12531894416109407,0.34874697951076916,-1.0972191622883751,0.3927035458895501,0.14597490688228082,0.11014631812690655,-0.19481644263359169,0.041874261572547644,0.05946134486640013,0.07243105570496874,-0.38185173375949255,0.36934402828820695,-0.5279774873575456,0.09872163009900566,-0.01141429988654867,0.09594553623681723,-0.004227733239175018,0.09047112966409908,0.01917179735181664,0.3423155688926694,0.28964026696138734,0.01618419028469389,0.4244741765336144,0.21316191246128177,0.15902069616349718,-0.023090211205312558,0.06964370384897317,-0.33388036960385303,0.06526473393306882,-0.0048007598176588746,0.2990026396236534,-0.1387802639737791,0.10136405548519795,-0.02998935570328512,-0.18765259548457897,0.10740578465171569,-0.28015716217274117,-0.030825128051739748,-0.1296171846903605,-0.01761036478724741,-0.07011050711950803,0.2071852381320774,-0.7530424711763446,0.18112083200506873,0.03346969170822049,-0.2631633943796034,0.3266723466089074,0.11843055276351505,-0.006953661383011789,0.2928214643489905,-0.08503838444026893,0.019101116532468772,-0.014305984662585003,0.005721632752162235
6,0.016791099167235122,0.10679941319592443,-0.010273490329676468,0.07037588343333961,-0.03280196211556436,-0.04851792591378686,0.24108894555524057,0.027571631489890166,-0.02203134206848007,0.0022385135538537,-0.010869579595816308,-0.027390581827224845,-0.010655939017500341,-0.6827453441679666,0.3068609799387021,-0.919725621555282,-0.35444648902828235,0.2436315570484029,-0.19413588269912388,-0.12224303415572414,-0.38238445390984044,-0.01820054261008354,-0.03933159698434699,-0.2090573495179169,0.043395778399078634,-0.4018022334241644,-0.5729086522106586,-0.19294494476733454,0.21463191223273556,0.0614757118790134,-0.13691788929636495,0.0062257873788667505,-0.07811772222171058,0.03444145572678212,-0.014918716309815155,-0.1382793145722378,-0.19484514628752905,0.022905750141946613,0.2330720291177916,-0.6189682940765356,0.14111332303176907,-0.04128903843502794,0.04963876366124595,0.0028332825105900857,-0.008551196873283973,-0.0931515964500462,0.6976460928492658,-0.2864517610637658,0.05078556806131593,-0.17403228202140295,0.12108074385168638,-0.20751304819564118,0.02976846619676312,-0.13661116452615385,0.00324134450492478,-0.04078929381115825,-0.10933972755062808,-0.2681686091140643,-0.18262714155835602,-0.29566431424932044,-0.001987174585124597,0.02642607240529111,-0.05897615878775653,-0.16713635971544769,-0.07329513866903387,-0.1471145703327427,-0.17633628384615785,0.19014694022279505,-0.0869281101103152,0.020869636281568207,0.3059164104419379,-0.3954474947451041,0.1765514723051958,0.040410288243964705,-0.013241859116669773,0.0021021997249686666,-0.07162618169160112,-0.28101282757539603,0.42117718502139695,-0.1331975500991802,-0.04168023991651022,0.24158478787996962,-0.10494643902507834,0.02368580452039739,-0.005274400042421581,-0.03442815465460861,0.057630051653295856,0.014733770469803007,0.17741759590827894,-0.013872962887354541
7,0.002544663659762004,0.09097612331880182,0.03919996085528165,0.009818031803145328,-0.011680926122191397,-0.0008829467801683142,0.027571631489890166,0.07184690153906256,-0.01284260856956745,0.026645301077890142,-0.009438175911333054,-0.006537805170064111,-0.0032776755964845864,-0.2601081657971719,0.6493092106688363,0.6304349368500609,0.13281417621866898,0.3671280557086654,0.1112779558227037,-0.10419404369710278,-0.017150173697444482,-0.13287094492691853,0.15497576417523587,-0.0601418732884286,-0.07863457488122491,0.47241498971432305,0.156714244977384,0.07142099576984293,0.12868486006746294,-0.021896231613569093,-0.00879008338515281,-0.01388108813324352,0.047787489112176416,0.016341353599571305,-0.020299250547788264,-0.03171052441453925,-0.11272369735600118,0.37226937249987263,-0.06922220132518409,-0.11617502339765276,-0.03349546544468247,-0.008447393986684025,0.04254959054205851,-4.2032628746995935e-05,-0.029479368629725146,-0.0023848710043725347,-0.155499876963236,0.3492066714759545,-0.34450822959884436,-0.043777738018255234,-0.23892956863820242,0.17295571418460126,0.08881797471755229,-0.012186456850422881,-0.030603481564160314,-0.20243707702965877,0.19853783771357758,0.9617269324696465,-0.04137645205442425,0.6422342740416573,-0.020307407681528545,0.003441132785200955,-0.01388333038553181,0.036829430932978295,-0.8656123933871579,0.15929644030877507,0.2096425887594716,-0.08951838159288214,-0.011067295080609382,0.005259221616623103,-0.1146895431771205,-0.06944210754917746,-0.40987347898878534,-0.0100225950117789,0.03711151884633768,-0.013711068948918291,-0.056766288027330684,-0.14074585099272263,-0.12535610127210264,-0.02292969409346562,0.004426582338587756,0.0031299427945658213,0.06780977056907106,0.02755896183647345,-0.013637147611095256,-0.050051447463934924,0.04515460171209556,0.006618213593705312,0.0011096668976015907,0.006281504976373856
8,0.008909537103101736,0.035774783578269645,0.023441629238995294,-0.004826192282698972,-0.05414114028898153,-0.0014183442840456728,-0.02203134206848007,-0.01284260856956745,0.12718738685695843,0.029097247030854534,-0.003756125847726595,0.010384966407123596,-0.019191484305816693,-0.984555699540444,-0.8893900388022649,-0.6284299164832721,-0.43872652703859283,-0.2795998803706574,-0.19035385690433598,-0.33703491926311835,-0.14719403114856744,-0.20064915553105808,-0.08466538464610841,-0.0713659870109532,0.06368311907612957,0.2854133830387761,-0.3364298772647597,0.16896379098533465,0.046664656759203726,-0.0215737461744699,0.059258350046588706,-0.04294100551333401,0.010685234845250904,0.008856547006242834,-0.0017546459986833094,-0.018524187506695804,0.07051686719273348,0.15771501372413377,-0.053069351846610616,0.11275971637325106,0.15719267558609515,0.011001746887760048,0.01532930726061905,-0.0011425965779348845,0.0010302926109247697,-0.015979253067609243,-0.16354073773816066,-0.2651493845830241,0.043904045578824734,0.003447776261832657,0.02354430219994402,-0.0028304657350812913,-0.0020281226080336033,-0.017019963400250363,0.017953074673503246,-0.052742462280632715,0.041047377056141886,-0.14204176491325174,-0.14236029341095985,-0.1300444874025269,-0.008846716144580345,0.036755639764341194,-0.02434206126740075,-0.029442060640696825,0.12537649490508584,-0.06456582314460724,-0.09350239110413945,-0.006603135426033501,0.01661470441976067,0.002280510904964938,0.11123229219658529,0.2269660336617379,-0.040661528292719816,0.01975539859942055,0.002159200655429602,0.010596025074198823,-0.11136322550129436,0.11998541559914633,-0.01626421838359056,-0.05745913952452471,0.003169898110381507,0.056344151361532785,-0.0031674199264795574,0.019894084529609387,0.0012951683417638982,0.004610365935689067,0.12841704516243985,0.0008818509591004906,-0.03447494690589393,0.01654541544827592
9,0.006081427708632454,0.15624571796052872,-0.012582237560541625,0.019890880108330563,-0.018749918278039797,-0.007522344731863104,0.0022385135538537,0.026645301077890142,0.029097247030854534,0.05173201245632743,-0.004933925804577098,-0.005908125717924236,-0.017073958096430093,-0.7003239208178337,0.36059484969038147,0.5226655603739014,0.0635372011652878,0.5718773825264706,0.10981318733020436,-0.004262522364986276,-0.07101965341877875,-0.044818416768201606,0.19304997716566993,-0.07542921986606593,-0.09173426624097572,0.36346665424528024,-0.2125877245808038,0.1153491282683585,0.22325805693107595,0.07076426324937983,-0.04813548768970537,-0.004641259146079466,0.004689797064145488,0.05021874035764615,-0.0253190740688201,-0.06739437754672442,-0.03025661984523097,0.7657490801871452,-0.10927900113489497,-0.09631760359940457,-0.07808143944907123,0.07100917511964536,-0.01576998404023706,-0.002320759417421296,-0.014076279287650978,-0.0358704028469153,-0.30633963468601033,0.2228537591353513,-0.21879292739567133,-0.061144281300709084,-0.17628071381524454,0.14441978721544438,0.012605648604715393,-0.064687384847635,-0.006742268188725433,-0.049701291093390484,0.03996941450352658,0.6565345471322988,-0.05706754731185106,0.35571182101856524,-0.009984833924163753,0.011828100612227836,-0.01925185823814129,0.10578202900865985,-0.46641130752476995,0.057950652527229196,0.0815172762576275,0.025753427533557076,-0.04145641418861512,0.016025638309671394,0.02710346714376072,0.03273204625675979,-0.12503294498944684,0.012587067780571788,0.0015395148470500027,0.005967465079125984,-0.17799985747940394,-0.29385936973358406,0.026787559619635953,-0.05633209502192081,-0.00809527504175789,0.0019770645541737257,-0.04395878287899607,0.03286998086465423,-0.0007216309936218749,-0.005644730539371089,0.05461940874541389,0.004242632608813276,-0.027053466542696848,0.0008121788464271379
10,0.0002426014072058155,-0.02539667943852361,0.01056073776707233,0.025107246065999074,0.002292480131783212,-0.017207826981895415,-0.010869579595816308,-0.009438175911333054,-0.003756125847726595,-0.004933925804577098,0.021304784969641496,0.01002742174772454,-0.006667841416274908,0.048899039031194545,-0.12391914727295793,-0.7894154036503026,-0.12110889587462514,-0.28327210756760624,-0.17132256647569422,-0.22607574048969867,-0.13162542142994846,-0.12174607515971024,-0.1288672623701583,-0.040566586199959544,0.01111492505308597,0.1365376035671384,-0.11845304519658964,-0.026675668530456952,0.03522610628958602,-0.011683122797975435,0.036635441689828234,-0.026236489002487595,0.020356772752294777,0.026303131316155845,0.015052141418152174,-0.04962851442711752,0.05895296163992247,-0.11327120445500699,0.236866044615411,-0.12584985481338684,0.0491029078997928,-0.0687036847388123,0.04915779900489812,-0.005688106903474109,-0.021107967371671997,-0.032486915450714436,0.20017447159018398,-0.07667593513979126,0.11884297540531903,-0.047252402936417956,0.08066934042859569,-0.039643648704077876,-0.004695435804892334,-0.03625518094587231,-0.021508610473306957,0.05197397610103706,-0.10216505520017966,-0.09776882162071052,-0.09569966454973156,-0.11880141454145021,-0.008740325099852043,-0.004532776087449198,0.0016812563872899906,0.06116891101467989,-0.04329156170965977,-0.03720383929023546,-0.13373918049886224,0.16476466530931297,-0.04161668726767402,0.006812662122171669,0.15781458359841538,-0.05018503375019684,0.12008059513450428,0.015096864420688704,-0.01306755111837138,-0.003902491450366066,0.12038582735390928,-0.12366336594414282,0.2679902444096454,-0.05348558362147587,-3.367570670799362e-05,0.046119382389737,-0.12423573201493479,-0.04159993605688169,-0.004726906650284049,-0.048534275175002674,0.05073158354181287,0.0026422721306747997,-0.0036192609333579673,0.004210028117858729
11,-0.010082442260665398,-0.046541305541202664,-0.014891393801844933,-0.017251627964139454,0.009530081233673784,0.017683323051706973,-0.027390581827224845,-0.006537805170064111,0.010384966407123596,-0.005908125717924236,0.01002742174772454,0.0849349605735413,0.0033260469535848296,0.7270811013220531,0.00983057456661946,0.5021096792893697,-0.17628290590602252,0.06607110200006538,0.15709056739659624,0.03771954837360484,0.1657910697651639,0.049183494259422235,0.04662365230532278,0.07862698515276721,-0.013927693822387769,0.27620272650619193,0.11319542580668812,0.031012342821589326,-0.016638682447677723,0.03034776861355925,0.03600718997354949,0.0034773565874292828,0.02256653395663337,0.0027306968212621654,0.0025154296677087134,0.08186624622019906,0.09206981998796726,0.17691785322156095,-0.142652260909831,0.13031639071464107,-0.04510932910021568,-0.07937944363598362,-0.025609158184264836,-0.01174085298953273,-0.011544592023783152,0.03547358237522487,-0.2573715456077865,0.030536299017893034,0.06943603479978946,0.012285053329167711,-1.8103907974884446e-05,-0.008102625826846815,-0.001764800400965415,0.050421264544351335,0.01911494386550818,0.1982546513851896,0.2855543715233966,-0.044393482494378224,0.16427237134954364,0.02799697956524033,0.040807084458008694,-0.05504034836884544,0.04084824593842301,-0.040109706568434864,0.18980952577896218,-0.07007205381277477,0.03599121103710434,-0.07025970636666296,0.09224785549348583,-0.01883078841863111,-0.13460570023414217,0.060397256914333126,0.00816046390232543,-0.0030252577667169355,-0.04748266227486801,-0.0036833984544509704,0.1973350048147099,0.05416884350300937,-0.19615399463638597,-0.04666333323999267,0.023001016388275425,-0.09750844702112872,0.04609061537856189,-0.01612129871337935,0.0017317322956277505,0.021748912158649516,0.09288911618131668,-0.0056519707931960384,-0.09893697263913467,0.012213722083809235
12,-0.03962373011611122,-0.14364522399713103,-0.05121353465600748,-0.025644851426875778,0.052185883421320536,0.0029726685179148984,-0.010655939017500341,-0.0032776755964845864,-0.019191484305816693,-0.017073958096430093,-0.006667841416274908,0.0033260469535848296,0.507933464040237,9.455874100804396,6.274714820936644,3.092712039063523,2.1341049061005046,1.0248804218864387,1.0910778575825797,0.5930523094923109,0.8213848582375355,0.2135001644475287,0.2515428561122695,0.5197150232378156,0.38937573178592366,1.6406781471647551,0.9821341300936701,-0.11666973734816376,-0.22130520289148498,-0.15747584328219483,0.17824139647659284,-0.17395145491798175,0.05012602460282798,0.009762897691418148,0.03870260560173421,0.7700442167255055,0.3582610170878564,-0.00799681229883048,0.29744629812190804,-0.006825379127238154,-0.11336036129676097,-0.148334814087379,0.0653085007654528,0.02026227278881698,-0.02839223787405399,0.1483303325896603,0.05466043419169959,0.08031320617067272,0.041087777054839854,0.13397051051547326,0.11155442563188779,-0.011386188053760543,-0.03198653547085241,0.11708197191908884,-0.35225805003837274,0.09536441857566962,0.12446534821646747,-0.15214668707458723,-0.23641702559955752,-0.038606165051131625,-0.023848603550866182,-0.07574831046099455,0.06923571840960785,-0.1173497405269966,0.153976383601273,0.03224033648502074,-0.03015972504386081,-0.025062253688564063,0.04185342620446255,0.010252751228800315,-0.45234796515795256,0.20216923066219877,0.0925942969954839,-0.04686118412267365,0.05962778907750943,-0.13725988550288573,0.5555394196454925,0.08557971535318389,-0.13070742944140318,-0.004141013131594161,0.31376500268612184,-0.06264645737931968,0.1793669639702711,0.005308610625037948,-0.021495558796441983,-0.003401490817432447,-0.07978729952257958,0.05752018973804964,0.034203062602603224,0.04270276765308523
13,-2.7339789163725152,-18.042899163374774,-8.165996531024224,1.1979510511309228,4.1106455635205545,1.3791177046197802,-0.6827453441679666,-0.2601081657971719,-0.984555699540444,-0.7003239208178337,0.048899039031194545,0.7270811013220531,9.455874100804396,1371.008032440704,531.757027345374,396.452456977341,202.95149845507396,162.92787934904536,117.65595739324145,133.64582236378814,85.43539391667125,68.81705346151284,55.94781846385821,47.70945175672185,37.79235895943647,98.17432591578834,45.77236097927883,-17.95415547126904,-6.723795785944738,9.424295702391714,4.498198027947804,-2.1406702350870543,-4.812678997744245,1.9047866779622453,-2.4366626907312927,22.50697591568524,10.576703526394583,12.170142936174955,12.92054251231638,-0.9047162975063262,-13.012553707654115,-20.459613464038476,-1.6226932210729803,-0.13467291731229425,0.7583305362283849,6.689752931462728,29.257947287298336,47.7813921663464,-9.80461968293287,-16.93688397820172,11.810033343161688,-3.789707816241813,10.382983752555045,1.5388145445001207,-8.189876845421653,60.89684453292047,7.572569288591467,-13.55048670253639,5.125418295144097,-10.211242602138846,1.885645584700764,-6.706080292461438,8.22649977179886,-49.60008436578169,2.370130669847229,-13.9538433092575,-9.929678021000807,6.668563862485166,-2.6772241395673895,-2.3707934303813754,-54.97954088289579,-14.068516435365764,11.463885892575112,2.29174849242786,-4.490181994488842,-5.794085923873132,68.16832424452959,-6.83874527234663,-28.027849192861922,-2.8414575635316432,8.432931377312942,-37.68964166991105,20.825709056017594,0.027301103738761434,-1.2267115394915304,-4.967222264053428,-0.9336666815345291,1.0161427785556794,27.10657364745672,2.954195254742876
14,-2.003416986714956,-5.548094399838951,-5.0908307194390465,3.2772492398551876,4.412975814216148,2.714072366875904,0.3068609799387021,0.6493092106688363,-0.8893900388022649,0.36059484969038147,-0.12391914727295793,0.00983057456661946,6.274714820936644,531.757027345374,855.8502618260767,396.94035991762235,172.6212836861149,202.10278599956789,131.12466904821403,95.36448729524331,66.60877771145026,52.05175979013669,62.90182922813415,49.66239156490742,2.155055431506951,110.04119234533313,43.893946767851766,6.707686197729631,10.009005077396589,8.557167756722226,6.868888746935737,2.8425626393204273,1.8954667613550455,4.541206063459878,-3.3236053411791677,31.98134396498741,49.222571382197785,72.2625878376859,-18.786387243516046,-6.862502259387946,5.873749686804267,-5.186264481756997,-1.7769575010040919,-1.7302517540187,-1.2275558608785029,6.346970350845995,-17.792338499227313,52.96125731572853,-19.754485929908874,-17.091592543553944,0.7596452965242358,5.371286493586112,-0.09581967403098177,-2.1268217844060384,-8.479328084263303,50.28033360550629,31.615186477194893,24.304046769965808,12.522971663394438,9.13765159099601,3.0607171583049073,-0.6514224800110235,5.718447977856597,-30.631217165128437,-11.414888060182552,-5.150036040590289,-0.5144969656616742,7.034161876782944,4.1597498760721,2.41214768653802,-27.783770827337893,-15.840428859218097,-9.705355288727688,3.844261965359999,-6.669361801002564,-2.734118266483109,22.21936995187435,-15.070449512835442,-20.128757539461134,5.997264442429828,4.7983737897279,-19.659433706160026,15.239099690672951,4.832540858433453,-1.141481480494801,5.7125702228468365,-5.465534161922227,1.4259710041887754,8.655985139782878,0.813587172597989
15,-1.5020478512817883,-5.081389969804993,-6.786935847817447,2.8886251859234457,3.653930351626218,5.234886426543951,-0.919725621555282,0.6304349368500609,-0.6284299164832721,0.5226655603739014,-0.7894154036503026,0.5021096792893697,3.092712039063523,396.452456977341,396.94035991762235,592.4849198190412,117.43053529607906,274.9930347796644,102.44524519177484,125.5260243482604,54.36699510683359,67.54838547656288,90.32003159347686,31.193188354936858,-2.427357466687999,56.23632379995823,-93.32629796147717,-4.295401031661834,22.38883864801641,32.00065289101057,-7.076032736549185,9.780394072926601,-9.365914528448494,7.925939825044357,-10.316702280898507,19.5821948601453,20.151022453279086,68.1224569176616,-61.00654145694044,7.049659651348983,1.7026513483865628,3.1627505808033476,-12.845148541988246,1.4709596079469618,2.3733906865131984,4.1710805853449715,-11.007259627169677,47.00954433010997,-49.26837703773847,-6.332728342224165,-1.015221726640211,9.016501649890307,2.3681332541310334,1.655748634993521,-1.0173181064625645,45.098345637867865,26.514268438264313,25.711904371750368,20.449364607851635,13.74212049863372,10.252765772199648,-3.43554311697696,4.185253032596753,-36.366512356009466,-11.957926076910262,-2.502721535404372,10.0177545496359,2.067142838475365,2.279806633601454,-1.0507427270013492,-23.827148626467057,-6.689810062441807,-16.46644690014707,1.2946493079762713,-8.803600533196986,-2.3072348884274323,6.603866037109117,-1.3984767076427185,-45.31578246588958,9.966992940166511,3.0923395249854617,-24.269427026393434,19.16953723661766,10.612982415931597,-0.4404093932207179,11.015449360606702,-1.8829130463397412,1.1095045086153998,6.013231525953568,0.6654827003097634
16,-0.6510809577158823,-2.199662674541872,-0.9066123616979084,0.6317053144671428,0.9280896818229293,0.8345685002056349,-0.35444648902828235,0.13281417621866898,-0.43872652703859283,0.0635372011652878,-0.12110889587462514,-0.17628290590602252,2.1341049061005046,202.95149845507396,172.6212836861149,117.43053529607906,144.45754295222977,52.86469580202505,52.99187050289085,35.815022740772335,34.93793261513382,20.065183756744993,18.687336321480778,20.608150856923164,1.3074776561355974,14.9351785048192,19.95232712271448,0.014653008808013634,-3.859362720475352,-2.2601592405113724,3.5842401783789515,0.2066856715918911,3.920110258437327,0.0035290599685645595,0.05037497633157661,3.3685951927978355,9.839635564062903,26.286055026167137,-4.042712064476213,-2.0337695387292376,-2.4872206672422914,0.7241375509811203,-1.8101647079641294,-0.49163534842406037,0.16074986432616434,1.7816261221442904,-4.264980287873564,17.586478415880094,-4.835182701137268,0.06917069094487875,-2.1028641153454815,2.9033397740972937,1.0267065947220426,0.9832415118071811,-3.8884629828317028,17.666278000101066,1.1588440969218052,4.057197712047378,5.103801419817266,1.6262308939213161,-0.5843228143711329,-0.6748974461272675,1.7295189187573854,-14.465176151416866,-2.1253995377864983,-0.3382351521363847,1.5535393123481906,0.8930858202921426,2.2488380674716733,0.66302432372915,-13.963545907723558,-1.1528580203369074,-1.8296502564019475,-1.9959756392864332,-0.8543128712699178,-0.9437423676630001,-0.19405023965977897,-2.0073129707523796,-7.063728185797945,3.7000339306094228,2.162006841493313,-11.31673062111092,4.824150522673599,1.7474070244282118,-0.016249375067568645,1.7145697098680641,0.6640250810120225,0.1707661375964723,3.322038257439096,0.3004970341084931
17,-0.609590050069777,-0.0880754994366584,-5.1729031758892,2.980673279460159,1.5511623584067122,3.5161599790976843,0.2436315570484029,0.3671280557086654,-0.2795998803706574,0.5718773825264706,-0.28327210756760624,0.06607110200006538,1.0248804218864387,162.92787934904536,202.10278599956789,274.9930347796644,52.86469580202505,205.747693619338,47.350919940982166,68.4167995745273,21.19918674253144,41.01462571776034,54.49641424310529,11.876427864036135,-2.2861722423274227,26.152363233931045,-78.1205228300399,-5.339874686359126,20.244656764025404,24.49951936289192,-5.396892344879123,6.414356956984899,-8.418279840429296,5.501695256783932,-7.199857205234726,8.784012535169353,4.307409381269401,37.86395423392548,-34.66941487179261,-1.1770099968114098,9.013629076607154,2.779551547582454,-6.785009503676324,1.7954142363271663,1.38683082922368,-0.039596207468385866,-3.1591401606626017,20.978946786241472,-26.642558072547338,-3.829924836110039,2.42985516904154,3.0468700034454965,1.4792270116888209,-1.7407856828816988,0.07763953159723432,23.33075468002873,10.34020531481335,8.526790917242698,9.192679460792071,3.728293321455773,5.673977647633213,-1.192144066776909,1.1010369050732778,-18.444437330705544,-10.278341162391076,-3.704716197129061,3.392009580297016,4.903424512302747,-1.042282401840531,-0.017984002344737363,0.20878577414454777,-8.811835851428825,-3.648676528908581,1.4687728311799122,-6.255320864434453,-0.9813519926768746,-0.008162425140828905,-6.5014273073905775,-13.646215204858839,3.7509999927372757,0.7309628524005561,-8.133963050071923,6.7899081801686565,5.402064125946466,-0.32893979604667406,8.94102502714308,-2.263829327548958,1.4567550476147288,3.790830435660645,-0.030605426082450763
18,-0.5149152525238125,-1.8166303331029694,-0.8441442595004535,0.44545588009712556,1.771461712193356,0.9458675542515882,-0.19413588269912388,0.1112779558227037,-0.19035385690433598,0.10981318733020436,-0.17132256647569422,0.15709056739659624,1.0910778575825797,117.65595739324145,131.12466904821403,102.44524519177484,52.99187050289085,47.350919940982166,70.89800495396415,28.802285062668137,25.9036795399092,16.156717756629565,16.86955756445173,21.241787932004165,-1.2982149152419307,8.242961731077816,13.170011487931065,4.189851831323726,0.47844364218659935,-4.285648878820805,5.271116413426814,1.107587722284308,2.5002689394469857,0.14364169597370763,0.29769034922371107,4.571041423164365,9.213828569036691,25.17137435814254,-10.209550539402724,2.3260489549084253,-2.3149081624849974,0.5883443681453637,-2.356769693724738,-1.1808157663278545,-0.6625117705574891,2.329342794045768,-15.806491244254772,12.953485204088325,1.3838416038777348,-3.149333453852241,-2.254699749139141,2.6488803432322974,0.16491348917236096,-0.572833652900654,-1.4193841315360693,14.848796957495905,14.028053370151033,6.81801391718558,7.648588191378469,3.2834530793734684,-0.27137234929681936,0.3802884594823199,1.6104299500762884,-15.035799623479907,2.2206839100087876,-1.4307917452244305,2.3595750242988327,-0.7983059780313163,6.652830444278446,0.7174119212027184,-10.945458914467533,-1.2475823786671971,-3.241415934379437,1.0644244120678887,-2.1941790418876974,-0.4413637714818105,3.1749651577997877,-0.7086924678254409,-8.999915062529947,4.991666851783214,1.4223558339056743,-6.086507408858902,3.2999393883246246,3.1803642163489148,0.17360271757900494,2.1695489629443623,3.1966547361822744,0.06802529347153345,0.7608064990160764,0.16694519404570213
19,-0.3105602740207773,-1.1991309373757726,-2.8346394549727383,0.5464288644635723,1.2170476506492862,1.3026812095558045,-0.12224303415572414,-0.10419404369710278,-0.33703491926311835,-0.004262522364986276,-0.22607574048969867,0.03771954837360484,0.5930523094923109,133.64582236378814,95.36448729524331,125.5260243482604,35.815022740772335,68.4167995745273,28.802285062668137,59.60993117975258,17.73991417028106,28.64615410757375,23.12736258734325,7.770076237021772,-0.8673786503487828,-10.243166828896449,-17.817086130502208,-0.7016366716993013,4.698491861689799,6.3686406025782665,-5.56111917594375,4.773556776059084,-5.710894781647802,-0.4989106793318978,-2.8233883261770925,3.2846985225540415,-2.102779045195391,14.827454821615184,-12.615637910123157,2.2170959780228863,-1.4953369306226227,1.6385507960658239,-5.002689234968589,1.4015817347538106,1.8615360400243794,0.7612915680755553,0.8094670937708538,9.787686235388362,-8.622238250495121,-2.542773216090048,-0.3879676198293909,0.42140837668367603,3.4835407205762934,0.21483831229754508,0.3344175123799135,10.022155205102992,4.482102564497509,-0.2488244797254637,6.49968142607313,0.4963885870547974,1.9270032320445747,-1.2739026505479956,0.9213251881857496,-11.849039260468118,1.5295025349743003,-1.8878650831166413,2.8545707117795236,-0.5509332625265482,-0.12854113785729762,-0.28747026194752534,-8.398508511751459,-4.964223315465383,-0.7561284516542054,-0.06451856484974035,-2.058296208526469,-0.30013447664091164,-0.17567860404919156,1.4712334973516317,-8.308291462116888,3.7589839816125274,0.3408437947917488,-9.67542714909056,2.4995920185095897,1.6748391799971656,0.046821534396932284,3.3147048585960315,-1.2892122863334556,0.21178707961962612,3.843740531171414,-0.04432752361876803
20,-0.44303807362824615,-2.880751758163159,-0.24867621477073798,-0.06173304356309514,0.7658963853483347,0.6525941874804626,-0.38238445390984044,-0.017150173697444482,-0.14719403114856744,-0.07101965341877875,-0.13162542142994846,0.1657910697651639,0.8213848582375355,85.43539391667125,66.60877771145026,54.36699510683359,34.93793261513382,21.19918674253144,25.9036795399092,17.73991417028106,32.29007818223149,10.659974424284474,8.154378782237952,13.748406324543234,0.3080236246962116,3.9613488534925034,12.195857246331284,-0.0576729678460807,-4.181342159827449,-1.6249778003716306,1.79147763475145,-1.0763247491062877,5.030663888629603,-0.6158328209140189,0.38394039339548985,3.564534357069174,5.084163578070998,3.5488888508945866,-4.767217472929883,6.078103625222703,-1.7394814058604922,-1.3111654632373158,-1.9106838184667654,-0.6381073797872233,0.41619232058835837,2.081813864046304,-11.085992148924472,8.185426691613149,-0.5875112346143526,-0.20953303056261804,-2.111880586207466,0.8118235836668941,0.028788793775306864,2.103200229673648,-0.965359079766731,8.702150780654016,5.565809489951561,0.5945400819208878,9.37264763097132,1.1157875487465958,0.49281093833026374,-0.10017832195721812,1.531878835837008,-7.483927252593367,3.21404571946463,-0.20381968596365485,3.85902726183529,-1.9929419327146498,3.093229769156138,-0.3901008561335653,-9.06103766026696,1.6028890429203042,-1.8900740723932141,-0.5730951661566299,-0.7067123045480825,-0.6198992890799508,4.250457351092806,2.024298407626217,-6.59036456869286,2.1113189400960337,1.7209883202354543,-5.0591079738065154,2.63793417053791,0.6101676983312326,0.1385806699781338,1.1087608248192284,-0.20739011687280937,-0.003748914033923322,2.335040414901042,0.33606596788476384
21,-0.17049401498381295,-0.5976441198300233,-1.552532948677758,0.3807460789278114,0.7395559490366898,0.8891727422407154,-0.01820054261008354,-0.13287094492691853,-0.20064915553105808,-0.044818416768201606,-0.12174607515971024,0.049183494259422235,0.2135001644475287,68.81705346151284,52.05175979013669,67.54838547656288,20.065183756744993,41.01462571776034,16.156717756629565,28.64615410757375,10.659974424284474,19.207418436126886,12.995268785579334,4.727295165605607,-0.8428208349035174,-7.935434665381989,-11.509445982689467,-0.9696306744747423,3.1826699551166033,4.43234911238532,-3.167398345421992,3.077941985742722,-2.82914269068687,-0.11768352670560238,-1.5706961175390783,1.765287218675033,-1.5372738736772964,7.7877492529359085,-8.787878521624068,1.0667260424223246,-0.12063017750222738,1.0978210333128937,-3.1650403212178277,0.5275548244190357,0.993170156072654,0.3218908685014595,0.8657756308381049,4.293543973968796,-4.19077227925786,-1.167044798660831,-0.13400390934029305,0.0492359208903798,1.3967621348144004,-0.05083299140132154,0.3824732561658748,5.884025045432466,2.8193468091195166,-1.5984994025187618,4.997699819555931,-0.6092059792705936,1.3257526989290136,-0.5224859227290911,0.4477789732239043,-7.203158663580167,1.5384345646710151,-1.6029504286984664,0.853178497645007,-0.00206212348453378,0.005526744277278082,-0.15330234618568522,-1.9645278999836044,-3.020929414975648,0.21895973349825243,-0.03462751150449224,-1.4228531465230971,-0.1572461094981666,0.1616633388948628,1.3290507515673733,-4.648009012816789,2.193937106287965,0.0955021687079028,-6.669588979711094,1.6219999001174072,0.7384749331802707,0.044450328141872976,2.4766383281870903,-1.2941098922232244,0.13783272103601144,1.9856802147370936,-0.08473081323839213
