,0,1,2,3,4,5,6,7,8,9,10,11,12,13,14,15,16,17,18,19,20,21,22,23,24,25,26,27,28,29
0,0.0013449897863935393,0.002071627558811793,0.008674908579035532,0.05172199553038043,1.072195605078471e-05,1.0039570613307383e-05,6.716798303024113e-06,3.46623128015377e-06,2.0223453653936e-05,7.290817829840089e-06,3.548077762386827e-05,0.00014582180085707803,0.0002497276309805361,0.0027531136453156128,8.943508003404977e-07,2.7140968029128754e-06,3.3523069700675985e-06,1.1807273470274025e-06,2.476475328945651e-06,4.590226564479461e-07,0.0015039585791289981,0.002733397725135125,0.009817887940640811,0.06503430187129823,1.4713799150272198e-05,2.342383839208265e-05,2.253942585526808e-05,9.259520307392171e-06,3.165816681334438e-05,9.430113057203528e-06
1,0.002071627558811793,0.003453434122369872,0.0133388350080661,0.07673754712893126,1.6998133688001135e-05,1.5721852966934152e-05,1.0248115923854794e-05,5.031696142299913e-06,3.23550475233421e-05,1.1737840566552092e-05,5.606225777026752e-05,0.0002482994384906751,0.00039390984712739683,0.004153627355895001,1.4931906554399293e-06,4.406577129985239e-06,5.45876442612013e-06,1.8355638352181513e-06,4.059338493083757e-06,7.584783673766559e-07,0.002314660902037124,0.004540779510889251,0.01508347785896966,0.09621676033246288,2.3488217670809345e-05,3.663047340255908e-05,3.485099774330359e-05,1.3780606108165336e-05,5.046174042048361e-05,1.5171378846567005e-05
2,0.008674908579035532,0.0133388350080661,0.05597035804379401,0.3343852081752926,6.910185976601376e-05,6.51473409487179e-05,4.390839885241458e-05,2.2603775158299616e-05,0.00013029314684586817,4.696357182266672e-05,0.00022916096197439346,0.000937711163760736,0.0016145873745981212,0.01783653986694703,5.755404138950025e-06,1.7628116871978266e-05,2.1807507968188647e-05,7.655519485249195e-06,1.5940141002058194e-05,2.9710534395744493e-06,0.009703653086778334,0.0176034444416364,0.06337384354309628,0.42079629054706896,9.481798548294905e-05,0.00015220078846365422,0.00014694356021356325,6.0183324718233506e-05,0.00020401597986629692,6.082359575006282e-05
3,0.05172199553038043,0.07673754712893126,0.3343852081752926,2.0959375724966582,0.00039313120089868724,0.0003801247663138526,0.00027100607624748604,0.00014401185489483517,0.0007406140770779572,0.0002641710078090136,0.001365182371066435,0.005235282057266333,0.009636383678966132,0.11344046996801564,3.140134383403733e-05,9.993035598254897e-05,0.00012364163634168919,4.465760766256789e-05,8.864141825139944e-05,1.6296807601084634e-05,0.0581087404233223,0.10143015538495603,0.38034895463285157,2.6662601700286905,0.0005382290859058669,0.0008988924051868088,0.0008904715377558565,0.0003714440009933976,0.0011655941604682015,0.00034389213313635306
4,1.072195605078471e-05,1.6998133688001135e-05,6.910185976601376e-05,0.00039313120089868724,9.164383277228172e-08,8.545081560736739e-08,5.473474197973176e-08,2.7387553425670733e-08,1.7074223921763715e-07,6.214720793139843e-08,2.9092042199943816e-07,1.240462945704062e-06,2.0396522543661634e-06,2.130262548145088e-05,7.959981199364398e-09,2.3285822530546756e-08,2.8801305749157224e-08,9.876392731698047e-09,2.1367211598957852e-08,4.078814175787184e-09,1.1969685833384274e-05,2.243674994490464e-05,7.80377266542499e-05,0.0004919103064616485,1.258340398859876e-07,1.9487666738565282e-07,1.8319560110159695e-07,7.376116062078407e-08,2.6568069114581503e-07,8.02724542068735e-08
5,1.0039570613307383e-05,1.5721852966934152e-05,6.51473409487179e-05,0.0003801247663138526,8.545081560736739e-08,9.297163691364245e-08,6.835161530237485e-08,3.159894982183665e-08,1.598578674741393e-07,5.8314494810052416e-08,2.8274152928772136e-07,1.1222116732147982e-06,2.020538676289058e-06,2.1501846332463793e-05,7.398866809330631e-09,2.672921026054734e-08,3.453616515000333e-08,1.0608873178843399e-08,1.9750613531278617e-08,4.390202849257575e-09,1.128848386014536e-05,2.080375559554022e-05,7.423853437808802e-05,0.0004832579959214556,1.1767393849923456e-07,2.1912122629414656e-07,2.1995020441463298e-07,8.09718234378902e-08,2.496431479450996e-07,7.775993179728766e-08
6,6.716798303024113e-06,1.0248115923854794e-05,4.390839885241458e-05,0.00027100607624748604,5.473474197973176e-08,6.835161530237485e-08,6.633011008188133e-08,2.663686055420112e-08,1.0430571803837769e-07,3.7824788742341344e-08,2.006829976667801e-07,7.259819527221686e-07,1.4397037300333432e-06,1.6406199043622352e-05,4.638776470214303e-09,2.1659393523644726e-08,3.569350109953656e-08,8.666990320400674e-09,1.2793151154113262e-08,3.4276768334240013e-09,7.626973107565482e-06,1.3632323897967708e-05,5.058900077134215e-05,0.0003519940761189282,7.571471973976005e-08,1.6882186165474024e-07,2.0505328245255728e-07,6.536456178400124e-08,1.6437569111304187e-07,5.239803527152022e-08
7,3.46623128015377e-06,5.031696142299913e-06,2.2603775158299616e-05,0.00014401185489483517,2.7387553425670733e-08,3.159894982183665e-08,2.663686055420112e-08,1.3162145047391448e-08,5.0869231360369004e-08,1.813289722366722e-08,9.929933473118387e-08,3.448528190491456e-07,7.088069649741143e-07,8.451921037457703e-06,2.2013370342664425e-09,8.630330851724538e-09,1.1840279414493204e-08,3.782702189952681e-09,6.026006603769774e-09,1.354897372279732e-09,3.935922383661963e-06,6.702342860709663e-06,2.6012406170737304e-05,0.0001870631497797091,3.7568435020781304e-08,7.557046264394535e-08,8.158579073561869e-08,3.14835482944284e-08,8.015354332946572e-08,2.4544442648049565e-08
8,2.0223453653936e-05,3.23550475233421e-05,0.00013029314684586817,0.0007406140770779572,1.7074223921763715e-07,1.598578674741393e-07,1.0430571803837769e-07,5.0869231360369004e-08,3.265323644659786e-07,1.1720114682902692e-07,5.544113899384748e-07,2.3699582561302097e-06,3.882458265604535e-06,4.0490588091131376e-05,1.495297486210755e-08,4.4568417045942475e-08,5.600977860652732e-08,1.8661487825502065e-08,4.093585649251604e-08,7.8020350995766e-09,2.2576346309220343e-05,4.26255054966277e-05,0.00014715640286933523,0.0009264740644880443,2.3472406651777544e-07,3.6684744397589167e-07,3.486358286063032e-07,1.37542226190071e-07,5.064983656118895e-07,1.5141645119570453e-07
9,7.290817829840089e-06,1.1737840566552092e-05,4.696357182266672e-05,0.0002641710078090136,6.214720793139843e-08,5.8314494810052416e-08,3.7824788742341344e-08,1.813289722366722e-08,1.1720114682902692e-07,4.292476563742108e-08,1.9847766432916458e-07,8.596558189263839e-07,1.3938673891431177e-06,1.4307464317859447e-05,5.504978474661458e-09,1.652739886997964e-08,2.078995812286524e-08,6.791275938427238e-09,1.4788233844062976e-08,2.9209500918210556e-09,8.130058197945368e-06,1.5452337707989354e-05,5.298644743505424e-05,0.0003295768346691494,8.562147938828322e-08,1.3368333940120063e-07,1.267226665191717e-07,4.940128804958445e-08,1.8217549484478428e-07,5.5541452954800743e-08
10,3.548077762386827e-05,5.606225777026752e-05,0.00022916096197439346,0.001365182371066435,2.9092042199943816e-07,2.8274152928772136e-07,2.006829976667801e-07,9.929933473118387e-08,5.544113899384748e-07,1.9847766432916458e-07,1.1417817121882888e-06,4.269195340218996e-06,7.907812650611704e-06,8.905079030245868e-05,2.6064006441786967e-08,8.07809970206886e-08,1.0403122074257162e-07,3.472993885549183e-08,7.184808818424664e-08,1.4213358578311413e-08,4.0030957772524954e-05,7.318891421323026e-05,0.00026126430039055367,0.001750854129878528,3.943956609296069e-07,6.248283275600907e-07,6.079732618243483e-07,2.4587871574185456e-07,8.481226604677183e-07,2.5438139309927327e-07
11,0.00014582180085707803,0.0002482994384906751,0.000937711163760736,0.005235282057266333,1.240462945704062e-06,1.1222116732147982e-06,7.259819527221686e-07,3.448528190491456e-07,2.3699582561302097e-06,8.596558189263839e-07,4.269195340218996e-06,2.1096664349060945e-05,2.9668212663655875e-05,0.0003058958845769443,1.1570663368681799e-07,3.2809174569941363e-07,4.1465601608202893e-07,1.3579479536546568e-07,3.1733362818550157e-07,5.9130505617803656e-08,0.00016204748187864537,0.0003278988162401319,0.0010531871542330399,0.006487303703243599,1.689917951126693e-06,2.484540449958607e-06,2.3274989688858967e-06,9.135888031627089e-07,3.603941154973436e-06,1.093261399735503e-06
12,0.0002497276309805361,0.00039390984712739683,0.0016145873745981212,0.009636383678966132,2.0396522543661634e-06,2.020538676289058e-06,1.4397037300333432e-06,7.088069649741143e-07,3.882458265604535e-06,1.3938673891431177e-06,7.907812650611704e-06,2.9668212663655875e-05,5.603221988247757e-05,0.0006201423743934644,1.8161147045170936e-07,5.801127150442501e-07,7.338013944881845e-07,2.468918577367158e-07,5.015368621940248e-07,9.874132205580933e-08,0.00028149768994860136,0.0005143885871956006,0.001843794385474827,0.012334876600536122,2.76418900348915e-06,4.520873802357626e-06,4.402433283251313e-06,1.7634555567785125e-06,5.950304225222293e-06,1.7928365624259166e-06
13,0.0027531136453156128,0.004153627355895001,0.01783653986694703,0.11344046996801564,2.130262548145088e-05,2.1501846332463793e-05,1.6406199043622352e-05,8.451921037457703e-06,4.0490588091131376e-05,1.4307464317859447e-05,8.905079030245868e-05,0.0003058958845769443,0.0006201423743934644,0.007657964678560901,1.8220830254876913e-06,5.9276307962239616e-06,7.618347183934612e-06,2.6267206406644322e-06,5.1083724010989294e-06,9.953217508638535e-07,0.003128299234307046,0.005438310078318485,0.020492741491712253,0.14819074590940273,2.8853389070227563e-05,4.8403771704144906e-05,4.879121796477397e-05,2.0132533845197858e-05,6.228728957732979e-05,1.8497181086784585e-05
14,8.943508003404977e-07,1.4931906554399293e-06,5.755404138950025e-06,3.140134383403733e-05,7.959981199364398e-09,7.398866809330631e-09,4.638776470214303e-09,2.2013370342664425e-09,1.495297486210755e-08,5.504978474661458e-09,2.6064006441786967e-08,1.1570663368681799e-07,1.8161147045170936e-07,1.8220830254876913e-06,8.055421973940387e-10,2.2124353015016984e-09,2.693694718102953e-09,8.835832274512492e-10,1.9837199235580234e-09,3.9915740857240924e-10,9.939515586612498e-07,1.9491696286357667e-06,6.461441740515169e-06,3.889055048408099e-05,1.1036436910778612e-08,1.6153650456234257e-08,1.47894779309147e-08,5.8009924983928305e-09,2.2802265203081635e-08,7.0405593369864994e-09
15,2.7140968029128754e-06,4.406577129985239e-06,1.7628116871978266e-05,9.993035598254897e-05,2.3285822530546756e-08,2.672921026054734e-08,2.1659393523644726e-08,8.630330851724538e-09,4.4568417045942475e-08,1.652739886997964e-08,8.07809970206886e-08,3.2809174569941363e-07,5.801127150442501e-07,5.9276307962239616e-06,2.2124353015016984e-09,9.328606251483593e-09,1.3042805281467156e-08,3.3984362703167397e-09,5.767599532674988e-09,1.504080073142454e-09,3.0336647235836814e-06,5.76471598200678e-06,1.9981589148481618e-05,0.00012537594433210326,3.203669841014769e-08,6.377798487839638e-08,6.841327516784255e-08,2.2294240745789347e-08,6.847410082628415e-08,2.2177264999355874e-08
16,3.3523069700675985e-06,5.45876442612013e-06,2.1807507968188647e-05,0.00012364163634168919,2.8801305749157224e-08,3.453616515000333e-08,3.569350109953656e-08,1.1840279414493204e-08,5.600977860652732e-08,2.078995812286524e-08,1.0403122074257162e-07,4.1465601608202893e-07,7.338013944881845e-07,7.618347183934612e-06,2.693694718102953e-09,1.3042805281467156e-08,2.4694724375819468e-08,5.121615998014735e-09,7.2857419298666575e-09,2.155700590828972e-09,3.75093495720687e-06,7.1466581688127285e-06,2.4725052231932952e-05,0.00015543345996766263,3.961980061547326e-08,8.319962797879821e-08,1.1063032186504405e-07,3.0914387400687806e-08,8.620846884492462e-08,2.8213077319192624e-08
17,1.1807273470274025e-06,1.8355638352181513e-06,7.655519485249195e-06,4.465760766256789e-05,9.876392731698047e-09,1.0608873178843399e-08,8.666990320400674e-09,3.782702189952681e-09,1.8661487825502065e-08,6.791275938427238e-09,3.472993885549183e-08,1.3579479536546568e-07,2.468918577367158e-07,2.6267206406644322e-06,8.835832274512492e-10,3.3984362703167397e-09,5.121615998014735e-09,1.4707951260958917e-09,2.355524168939644e-09,5.564450705218006e-10,1.3181447224402525e-06,2.4000105346889086e-06,8.656031914480906e-06,5.5916964003855215e-05,1.3418842298079743e-08,2.4226214070618887e-08,2.655438403563876e-08,9.669008304099171e-09,2.849129266209581e-08,8.896648816861785e-09
18,2.476475328945651e-06,4.059338493083757e-06,1.5940141002058194e-05,8.864141825139944e-05,2.1367211598957852e-08,1.9750613531278617e-08,1.2793151154113262e-08,6.026006603769774e-09,4.093585649251604e-08,1.4788233844062976e-08,7.184808818424664e-08,3.1733362818550157e-07,5.015368621940248e-07,5.1083724010989294e-06,1.9837199235580234e-09,5.767599532674988e-09,7.2857419298666575e-09,2.355524168939644e-09,5.714190055690123e-09,1.0230834575397135e-09,2.753735146474537e-06,5.292561019544437e-06,1.7918090872350596e-05,0.00010981609976446583,2.9082234572970617e-08,4.385609041380506e-08,4.1175800133012436e-08,1.599621086184921e-08,6.37989935190164e-08,1.8829731585996945e-08
19,4.590226564479461e-07,7.584783673766559e-07,2.9710534395744493e-06,1.6296807601084634e-05,4.078814175787184e-09,4.390202849257575e-09,3.4276768334240013e-09,1.354897372279732e-09,7.8020350995766e-09,2.9209500918210556e-09,1.4213358578311413e-08,5.9130505617803656e-08,9.874132205580933e-08,9.953217508638535e-07,3.9915740857240924e-10,1.504080073142454e-09,2.155700590828972e-09,5.564450705218006e-10,1.0230834575397135e-09,2.845908470433401e-10,5.11738550982612e-07,9.888054200599184e-07,3.3483041938090203e-06,2.0305310804155337e-05,5.592341326306856e-09,9.964075927888687e-09,1.0424640374367053e-08,3.4699134489018085e-09,1.181255529242326e-08,3.8898564263709896e-09
20,0.0015039585791289981,0.002314660902037124,0.009703653086778334,0.0581087404233223,1.1969685833384274e-05,1.128848386014536e-05,7.626973107565482e-06,3.935922383661963e-06,2.2576346309220343e-05,8.130058197945368e-06,4.0030957772524954e-05,0.00016204748187864537,0.00028149768994860136,0.003128299234307046,9.939515586612498e-07,3.0336647235836814e-06,3.75093495720687e-06,1.3181447224402525e-06,2.753735146474537e-06,5.11738550982612e-07,0.001686648232821575,0.0030598089598497047,0.01101439337154137,0.07355895011396242,1.64594515619484e-05,2.6496704872050517e-05,2.5616011845619585e-05,1.04910605376335e-05,3.544727016820354e-05,1.054921555372587e-05
21,0.002733397725135125,0.004540779510889251,0.0176034444416364,0.10143015538495603,2.243674994490464e-05,2.080375559554022e-05,1.3632323897967708e-05,6.702342860709663e-06,4.26255054966277e-05,1.5452337707989354e-05,7.318891421323026e-05,0.0003278988162401319,0.0005143885871956006,0.005438310078318485,1.9491696286357667e-06,5.76471598200678e-06,7.1466581688127285e-06,2.4000105346889086e-06,5.292561019544437e-06,9.888054200599184e-07,0.0030598089598497047,0.006025170834743094,0.019947133557791357,0.12768904220053875,3.113621883644848e-05,4.914569060709513e-05,4.7008875735542386e-05,1.8509222470018968e-05,6.685656680440908e-05,2.0076431715321487e-05
22,0.009817887940640811,0.01508347785896966,0.06337384354309628,0.38034895463285157,7.80377266542499e-05,7.423853437808802e-05,5.058900077134215e-05,2.6012406170737304e-05,0.00014715640286933523,5.298644743505424e-05,0.00026126430039055367,0.0010531871542330399,0.001843794385474827,0.020492741491712253,6.461441740515169e-06,1.9981589148481618e-05,2.4725052231932952e-05,8.656031914480906e-06,1.7918090872350596e-05,3.3483041938090203e-06,0.01101439337154137,0.019947133557791357,0.07200042756448463,0.48187948426681737,0.00010731409907515224,0.00017492863936016974,0.00016977315462084856,6.919363336174621e-05,0.00023121240321094213,6.88893894375203e-05
23,0.06503430187129823,0.09621676033246288,0.42079629054706896,2.6662601700286905,0.0004919103064616485,0.0004832579959214556,0.0003519940761189282,0.0001870631497797091,0.0009264740644880443,0.0003295768346691494,0.001750854129878528,0.006487303703243599,0.012334876600536122,0.14819074590940273,3.889055048408099e-05,0.00012537594433210326,0.00015543345996766263,5.5916964003855215e-05,0.00010981609976446583,2.0305310804155337e-05,0.07355895011396242,0.12768904220053875,0.48187948426681737,3.445842086449126,0.0006764338144902063,0.00115690290090086,0.0011577570264466477,0.000479899812234139,0.0014668775442540703,0.0004321145021952511
24,1.4713799150272198e-05,2.3488217670809345e-05,9.481798548294905e-05,0.0005382290859058669,1.258340398859876e-07,1.1767393849923456e-07,7.571471973976005e-08,3.7568435020781304e-08,2.3472406651777544e-07,8.562147938828322e-08,3.943956609296069e-07,1.689917951126693e-06,2.76418900348915e-06,2.8853389070227563e-05,1.1036436910778612e-08,3.203669841014769e-08,3.961980061547326e-08,1.3418842298079743e-08,2.9082234572970617e-08,5.592341326306856e-09,1.64594515619484e-05,3.113621883644848e-05,0.00010731409907515224,0.0006764338144902063,1.7491105169909877e-07,2.7345446814016745e-07,2.5872367502767153e-07,1.0277933231940803e-07,3.678586561326862e-07,1.1139755810713244e-07
25,2.342383839208265e-05,3.663047340255908e-05,0.00015220078846365422,0.0008988924051868088,1.9487666738565282e-07,2.1912122629414656e-07,1.6882186165474024e-07,7.557046264394535e-08,3.6684744397589167e-07,1.3368333940120063e-07,6.248283275600907e-07,2.484540449958607e-06,4.520873802357626e-06,4.8403771704144906e-05,1.6153650456234257e-08,6.377798487839638e-08,8.319962797879821e-08,2.4226214070618887e-08,4.385609041380506e-08,9.964075927888687e-09,2.6496704872050517e-05,4.914569060709513e-05,0.00017492863936016974,0.00115690290090086,2.7345446814016745e-07,5.644739497866939e-07,5.833142398070658e-07,2.0282242260163377e-07,5.890358796422137e-07,1.842794672334358e-07
26,2.253942585526808e-05,3.485099774330359e-05,0.00014694356021356325,0.0008904715377558565,1.8319560110159695e-07,2.1995020441463298e-07,2.0505328245255728e-07,8.158579073561869e-08,3.486358286063032e-07,1.267226665191717e-07,6.079732618243483e-07,2.3274989688858967e-06,4.402433283251313e-06,4.879121796477397e-05,1.47894779309147e-08,6.841327516784255e-08,1.1063032186504405e-07,2.655438403563876e-08,4.1175800133012436e-08,1.0424640374367053e-08,2.5616011845619585e-05,4.7008875735542386e-05,0.00016977315462084856,0.0011577570264466477,2.5872367502767153e-07,5.833142398070658e-07,7.035794747245462e-07,2.1799517533609708e-07,5.649953201997025e-07,1.7870398607044602e-07
27,9.259520307392171e-06,1.3780606108165336e-05,6.0183324718233506e-05,0.0003714440009933976,7.376116062078407e-08,8.09718234378902e-08,6.536456178400124e-08,3.14835482944284e-08,1.37542226190071e-07,4.940128804958445e-08,2.4587871574185456e-07,9.135888031627089e-07,1.7634555567785125e-06,2.0132533845197858e-05,5.8009924983928305e-09,2.2294240745789347e-08,3.0914387400687806e-08,9.669008304099171e-09,1.599621086184921e-08,3.4699134489018085e-09,1.04910605376335e-05,1.8509222470018968e-05,6.919363336174621e-05,0.000479899812234139,1.0277933231940803e-07,2.0282242260163377e-07,2.1799517533609708e-07,8.259429782601177e-08,2.2062501485218627e-07,6.720208889285151e-08
28,3.165816681334438e-05,5.046174042048361e-05,0.00020401597986629692,0.0011655941604682015,2.6568069114581503e-07,2.496431479450996e-07,1.6437569111304187e-07,8.015354332946572e-08,5.064983656118895e-07,1.8217549484478428e-07,8.481226604677183e-07,3.603941154973436e-06,5.950304225222293e-06,6.228728957732979e-05,2.2802265203081635e-08,6.847410082628415e-08,8.620846884492462e-08,2.849129266209581e-08,6.37989935190164e-08,1.181255529242326e-08,3.544727016820354e-05,6.685656680440908e-05,0.00023121240321094213,0.0014668775442540703,3.678586561326862e-07,5.890358796422137e-07,5.649953201997025e-07,2.2062501485218627e-07,8.025217228390369e-07,2.372945879333529e-07
29,9.430113057203528e-06,1.5171378846567005e-05,6.082359575006282e-05,0.00034389213313635306,8.02724542068735e-08,7.775993179728766e-08,5.239803527152022e-08,2.4544442648049565e-08,1.5141645119570453e-07,5.5541452954800743e-08,2.5438139309927327e-07,1.093261399735503e-06,1.7928365624259166e-06,1.8497181086784585e-05,7.0405593369864994e-09,2.2177264999355874e-08,2.8213077319192624e-08,8.896648816861785e-09,1.8829731585996945e-08,3.8898564263709896e-09,1.054921555372587e-05,2.0076431715321487e-05,6.88893894375203e-05,0.0004321145021952511,1.1139755810713244e-07,1.842794672334358e-07,1.7870398607044602e-07,6.720208889285151e-08,2.372945879333529e-07,7.318130404516638e-08
